npc_id,item_id,note,min,max,chance
45005,40056,肉,1,1,300000
45006,40056,肉,1,1,100000
45008,23,闊劍,1,1,5000
45008,40010,治癒藥水,1,1,50000
45008,40308,金幣,10,30,1000000
45008,40405,皮革,1,1,10000
45008,40899,鋼鐵原石,1,1,1000
45009,1,歐西斯匕首,1,1,5000
45009,21,歐西斯短劍,1,1,50000
45009,20034,歐西斯頭盔,1,1,10000
45009,20135,歐西斯環甲,1,1,5000
45009,40005,蠟燭,1,1,1000
45009,40008,楓木魔杖,1,1,100
45009,40088,變形卷軸,1,1,1000
45009,40308,金幣,10,30,1000000
45009,40405,皮革,1,1,10000
45009,40496,粗糙的米索莉塊,1,1,50000
45009,40899,鋼鐵原石,1,1,1000
45009,200001,歐西斯匕首,1,1,5000
45009,220034,歐西斯頭盔,1,1,5000
45009,220135,歐西斯環甲,1,1,5000
45010,40056,肉,1,1,300000
45010,40405,皮革,1,1,30000
45012,40056,肉,1,1,300000
45016,138,木棒,1,1,1000
45016,20213,短統靴,1,1,1000
45016,40010,治癒藥水,1,1,10000
45016,40056,肉,1,1,100000
45016,40308,金幣,11,32,1000000
45016,40405,皮革,1,1,10000
45017,40005,蠟燭,1,1,500
45017,40029,象牙塔治癒藥水,1,1,50000
45017,40308,金幣,10,30,1000000
45018,40008,楓木魔杖,1,1,1000
45018,40088,變形卷軸,1,1,10000
45018,40308,金幣,10,30,1000000
45018,40405,皮革,1,1,10000
45018,40899,鋼鐵原石,1,1,10000
45019,171,歐西斯弓,1,1,10000
45019,20034,歐西斯頭盔,1,1,10000
45019,20135,歐西斯環甲,1,1,5000
45019,20136,歐西斯鏈甲,1,1,5000
45019,40005,蠟燭,1,1,1000
45019,40010,治癒藥水,1,1,10000
45019,40017,翡翠藥水,1,1,10000
45019,40056,肉,1,1,300000
45019,40088,變形卷軸,1,1,10000
45019,40265,黑暗精靈水晶(暗隱術),1,1,10000
45019,40308,金幣,11,32,1000000
45019,40743,箭,10,30,100000
45019,40744,銀箭,10,30,100000
45019,200171,歐西斯弓,1,1,10000
45019,220135,歐西斯環甲,1,1,5000
45019,220136,歐西斯鏈甲,1,1,1000
45019,240010,治癒藥水,1,1,10000
45020,40029,象牙塔治癒藥水,1,1,400000
45020,40082,指定傳送卷軸(歌唱之島),1,1,580000
45020,40308,金幣,5,10,650000
45020,41222,蘑菇汁,1,1,250000
45020,49232,初級秘籍書,1,1,25000
45021,40056,肉,1,1,300000
45023,40056,肉,1,1,300000
45023,40405,皮革,1,1,30000
45023,41276,山豬肉,1,1,0
45024,31,長劍,1,1,500
45024,20147,銀釘皮甲,1,1,10000
45024,20205,長靴,1,1,1000
45024,20213,短統靴,1,1,10000
45024,20239,小盾牌,1,1,100000
45024,40025,黑色藥水,1,1,50000
45024,40056,肉,1,1,300000
45024,40171,魔法書(通暢氣脈術),1,1,50000
45024,40173,魔法書(吸血鬼之吻),1,1,50000
45024,40265,黑暗精靈水晶(暗隱術),1,1,1000
45024,40267,黑暗精靈水晶(影之防護),1,1,1000
45024,40274,黑暗精靈水晶(敏捷提升),1,1,1000
45024,40307,沙哈之石,1,1,10000
45024,40308,金幣,22,50,1000000
45024,220122,鱗甲,1,1,5000
45024,220125,鏈甲,1,1,5000
45024,220147,銀釘皮甲,1,1,5000
45024,220213,短統靴,1,1,5000
45025,40044,鑽石,1,1,10000
45025,40045,紅寶石,1,1,10000
45025,40046,藍寶石,1,1,10000
45025,40047,綠寶石,1,1,10000
45026,49232,初級秘籍書,1,1,25000
45027,40308,金幣,12,33,1000000
45027,40405,皮革,1,1,10000
45027,40406,高級皮革,1,1,5000
45029,40499,蘑菇汁,1,1,0
45032,40442,布拉伯的胃液,1,1,100000
45033,40308,金幣,13,36,1000000
45033,40405,皮革,1,1,10000
45034,40056,肉,1,1,300000
45034,40308,金幣,13,36,1000000
45034,40405,皮革,1,1,30000
45035,49232,初級秘籍書,1,1,25000
45036,49232,初級秘籍書,1,1,25000
45037,49232,初級秘籍書,1,1,25000
45038,49046,蜘蛛腿肉,1,1,0
45038,49232,初級秘籍書,1,1,25000
45039,40056,肉,1,1,50000
45039,40405,皮革,1,1,10000
45040,20014,治癒魔法頭盔,1,1,1000
45040,40013,自我加速藥水,1,1,50000
45040,40014,勇敢藥水,1,1,50000
45040,40308,金幣,13,36,1000000
45040,41275,熊肉,1,1,0
45040,140100,瞬間移動卷軸,1,1,50000
45041,26,小侏儒短劍,1,1,1000
45041,20007,侏儒鐵盔,1,1,50000
45041,20052,侏儒斗篷,1,1,10000
45041,20223,侏儒圓盾,1,1,5000
45041,40025,黑色藥水,1,1,10000
45041,40088,變形卷軸,1,1,10000
45041,40304,馬普勒之石,1,1,10000
45041,40308,金幣,13,36,1000000
45041,40408,金屬塊,1,1,100000
45041,40494,純粹的米索莉塊,1,1,100000
45041,40496,粗糙的米索莉塊,1,1,50000
45041,40899,鋼鐵原石,1,1,10000
45041,240010,治癒藥水,1,1,10000
45042,40056,肉,1,1,300000
45042,40405,皮革,1,1,30000
45043,40056,肉,1,1,300000
45043,40405,皮革,1,1,30000
45044,40056,肉,1,1,100000
45044,40405,皮革,1,1,10000
45045,49232,初級秘籍書,1,1,25000
45046,40056,肉,1,1,100000
45046,40405,皮革,1,1,10000
45047,40056,肉,1,1,50000
45047,40405,皮革,1,1,10000
45048,40056,肉,1,1,300000
45048,40405,皮革,1,1,30000
45049,40056,肉,1,1,50000
45049,40405,皮革,1,1,10000
45050,20180,黑暗手套,1,1,10000
45050,40056,肉,1,1,100000
45050,40088,變形卷軸,1,1,10000
45050,40265,黑暗精靈水晶(暗隱術),1,1,10000
45050,40308,金幣,11,32,1000000
45050,40738,銀飛刀,1,1,10000
45050,40743,箭,10,30,100000
45050,40744,銀箭,10,30,100000
45051,40029,象牙塔治癒藥水,1,1,50000
45051,40056,肉,1,1,50000
45051,40082,指定傳送卷軸(歌唱之島),1,1,50000
45051,40308,金幣,13,36,1000000
45052,49232,初級秘籍書,1,1,25000
45053,40056,肉,1,1,50000
45053,40405,皮革,1,1,10000
45054,40056,肉,1,1,50000
45054,40405,皮革,1,1,10000
45056,49232,初級秘籍書,1,1,25000
45057,49232,初級秘籍書,1,1,25000
45058,40056,肉,1,1,50000
45059,49232,初級秘籍書,1,1,25000
45061,49232,初級秘籍書,1,1,25000
45062,49232,初級秘籍書,1,1,25000
45063,49232,初級秘籍書,1,1,25000
45064,40045,紅寶石,1,1,50000
45064,40307,沙哈之石,1,1,10000
45064,40308,金幣,15,38,1000000
45064,40405,皮革,1,1,10000
45064,40406,高級皮革,1,1,10000
45065,40089,復活卷軸,1,1,50000
45065,40173,魔法書(吸血鬼之吻),1,1,10000
45065,40185,魔法書(黑闇之影),1,1,10000
45065,40186,魔法書(造屍術),1,1,10000
45065,40265,黑暗精靈水晶(暗隱術),1,1,10000
45065,40266,黑暗精靈水晶(附加劇毒),1,1,10000
45065,40269,黑暗精靈水晶(力量提升),1,1,10000
45065,40274,黑暗精靈水晶(敏捷提升),1,1,10000
45065,40308,金幣,10,120,1000000
45065,40496,粗糙的米索莉塊,1,1,100000
45065,40739,飛刀,1,1,10000
45065,140100,瞬間移動卷軸,1,1,50000
45066,20070,黑暗斗蓬,1,1,1000
45066,40173,魔法書(吸血鬼之吻),1,1,10000
45066,40185,魔法書(黑闇之影),1,1,10000
45066,40186,魔法書(造屍術),1,1,10000
45066,40265,黑暗精靈水晶(暗隱術),1,1,10000
45066,40266,黑暗精靈水晶(附加劇毒),1,1,10000
45066,40269,黑暗精靈水晶(力量提升),1,1,10000
45066,40274,黑暗精靈水晶(敏捷提升),1,1,10000
45066,40308,金幣,15,38,1000000
45066,140100,瞬間移動卷軸,1,1,100000
45068,40015,藍色藥水,1,1,10000
45068,40057,漂浮之眼肉,1,1,300000
45068,40178,魔法書(木乃伊的詛咒),1,1,10000
45068,40307,沙哈之石,1,1,10000
45068,40899,鋼鐵原石,1,1,10000
45069,49232,初級秘籍書,1,1,25000
45070,49046,蜘蛛腿肉,1,1,0
45070,49232,初級秘籍書,1,1,25000
45071,49232,初級秘籍書,1,1,25000
45072,49232,初級秘籍書,1,1,25000
45073,49232,初級秘籍書,1,1,25000
45074,49232,初級秘籍書,1,1,25000
45075,49232,初級秘籍書,1,1,25000
45076,49232,初級秘籍書,1,1,25000
45077,40056,肉,1,1,300000
45078,49232,初級秘籍書,1,1,25000
45079,40002,燈籠,1,1,1000
45079,40044,鑽石,1,1,10000
45079,40045,紅寶石,1,1,10000
45079,40046,藍寶石,1,1,10000
45079,40047,綠寶石,1,1,10000
45079,40307,沙哈之石,1,1,10000
45079,40308,金幣,20,45,1000000
45079,40496,粗糙的米索莉塊,1,1,100000
45082,20034,歐西斯頭盔,1,1,10000
45082,20056,抗魔法斗篷,1,1,5000
45082,20072,歐西斯斗篷,1,1,5000
45082,20110,抗魔法鏈甲,1,1,5000
45082,20135,歐西斯環甲,1,1,10000
45082,20136,歐西斯鏈甲,1,1,10000
45082,20237,阿克海盾牌,1,1,100000
45082,40001,燈,1,1,3000
45082,40010,治癒藥水,1,1,100000
45082,40267,黑暗精靈水晶(影之防護),1,1,1000
45082,40305,帕格里奧之石,1,1,10000
45082,40308,金幣,20,45,1000000
45082,220135,歐西斯環甲,1,1,5000
45082,220237,阿克海盾牌,1,1,5000
45083,20182,手套,1,1,10000
45083,20187,力量手套,1,1,1000
45083,40307,沙哈之石,1,1,10000
45083,40308,金幣,20,45,1000000
45084,40308,金幣,20,45,1000000
45085,49232,初級秘籍書,1,1,25000
45086,49232,初級秘籍書,1,1,25000
45088,40079,傳送回家的卷軸,1,1,100000
45088,40088,變形卷軸,1,1,100000
45088,40090,空的魔法卷軸(等級1),1,1,50000
45088,40091,空的魔法卷軸(等級2),1,1,50000
45088,40092,空的魔法卷軸(等級3),1,1,50000
45088,40100,瞬間移動卷軸,1,1,100000
45088,40126,鑑定卷軸,1,1,100000
45088,40308,金幣,20,45,1000000
45089,20182,手套,1,1,10000
45089,40306,伊娃之石,1,1,10000
45089,40308,金幣,20,45,1000000
45090,49232,初級秘籍書,1,1,25000
45091,49232,初級秘籍書,1,1,25000
45092,26,小侏儒短劍,1,1,500
45092,144,侏儒鐵斧,1,1,1000
45092,20007,侏儒鐵盔,1,1,100000
45092,20052,侏儒斗篷,1,1,5000
45092,20223,侏儒圓盾,1,1,10000
45092,40013,自我加速藥水,1,1,50000
45092,40018,強化 綠色藥水,1,1,50000
45092,40304,馬普勒之石,1,1,10000
45092,40308,金幣,22,50,1000000
45092,40408,金屬塊,1,1,100000
45093,31,長劍,1,1,100
45093,20147,銀釘皮甲,1,1,1000
45093,40029,象牙塔治癒藥水,1,1,50000
45093,40056,肉,1,1,50000
45093,40173,魔法書(吸血鬼之吻),1,1,10000
45093,40308,金幣,22,50,1000000
45093,220122,鱗甲,1,1,1000
45093,220125,鏈甲,1,1,1000
45093,220147,銀釘皮甲,1,1,1000
45094,31,長劍,1,1,1000
45094,20032,黑暗頭飾,1,1,1000
45094,20147,銀釘皮甲,1,1,10000
45094,20213,短統靴,1,1,10000
45094,20239,小盾牌,1,1,100000
45094,40025,黑色藥水,1,1,10000
45094,40056,肉,1,1,300000
45094,40171,魔法書(通暢氣脈術),1,1,10000
45094,40173,魔法書(吸血鬼之吻),1,1,10000
45094,40265,黑暗精靈水晶(暗隱術),1,1,10000
45094,40267,黑暗精靈水晶(影之防護),1,1,10000
45094,40274,黑暗精靈水晶(敏捷提升),1,1,10000
45094,40308,金幣,22,50,1000000
45094,40739,飛刀,1,1,10000
45094,220147,銀釘皮甲,1,1,1000
45094,220213,短統靴,1,1,5000
45095,49232,初級秘籍書,1,1,25000
45096,49232,初級秘籍書,1,1,25000
45097,40017,翡翠藥水,1,1,100000
45097,40306,伊娃之石,1,1,10000
45097,40308,金幣,109,186,1000000
45098,40005,蠟燭,1,1,500
45098,40010,治癒藥水,1,1,100000
45098,40056,肉,1,1,50000
45098,40060,胡蘿蔔,1,1,100000
45098,40131,甘地圖騰,1,1,300000
45098,40308,金幣,25,54,1000000
45098,40609,甘地妖魔魔法書,1,1,50000
45100,40308,金幣,25,54,1000000
45100,40581,不死族的鑰匙,1,1,100000
45101,20014,治癒魔法頭盔,1,1,1000
45101,40014,勇敢藥水,1,1,100000
45101,40047,綠寶石,1,1,100000
45101,40179,魔法書(極道落雷),1,1,10000
45101,40306,伊娃之石,1,1,10000
45101,40308,金幣,25,54,1000000
45102,40308,金幣,25,54,1000000
45102,40568,神秘的袋子,1,1,1000000
45103,40017,翡翠藥水,1,1,100000
45103,40306,伊娃之石,1,1,10000
45104,2,骰子匕首,1,1,1000
45104,20034,歐西斯頭盔,1,1,30000
45104,20135,歐西斯環甲,1,1,10000
45104,20136,歐西斯鏈甲,1,1,5000
45104,40089,復活卷軸,1,1,50000
45104,40265,黑暗精靈水晶(暗隱術),1,1,10000
45104,40266,黑暗精靈水晶(附加劇毒),1,1,10000
45104,40269,黑暗精靈水晶(力量提升),1,1,10000
45104,40308,金幣,25,54,1000000
45104,140100,瞬間移動卷軸,1,1,100000
45105,40029,象牙塔治癒藥水,1,1,50000
45105,40308,金幣,15,38,1000000
45107,27,彎刀,1,1,1000
45107,20043,鋼盔,1,1,10000
45107,20056,抗魔法斗篷,1,1,5000
45107,20242,大盾牌,1,1,1000
45107,40006,松木魔杖,1,1,100
45107,40013,自我加速藥水,1,1,100000
45107,40018,強化 綠色藥水,1,1,50000
45107,40171,魔法書(通暢氣脈術),1,1,10000
45107,40308,金幣,25,54,1000000
45107,40407,骨頭碎片,1,1,10000
45107,40605,骷髏頭,1,1,50000
45107,40899,鋼鐵原石,1,1,10000
45107,140100,瞬間移動卷軸,1,1,10000
45107,200027,彎刀,1,1,5000
45107,220043,鋼盔,1,1,5000
45107,220056,抗魔法斗篷,1,1,1000
45108,27,彎刀,1,1,100
45108,20043,鋼盔,1,1,500
45108,20056,抗魔法斗篷,1,1,3000
45108,20242,大盾牌,1,1,500
45108,40006,松木魔杖,1,1,50
45108,40013,自我加速藥水,1,1,10000
45108,40018,強化 綠色藥水,1,1,10000
45108,40029,象牙塔治癒藥水,1,1,50000
45108,40082,指定傳送卷軸(歌唱之島),1,1,50000
45108,40098,象牙塔鑑定卷軸,1,1,50000
45108,40308,金幣,25,54,1000000
45108,40407,骨頭碎片,1,1,1000
45108,200027,彎刀,1,1,1000
45109,2,骰子匕首,1,1,1000
45109,69,青銅 雙刀,1,1,5000
45109,71,鋼鐵 雙刀,1,1,10000
45109,152,青銅 鋼爪,1,1,10000
45109,153,鋼鐵 鋼爪,1,1,10000
45109,20070,黑暗斗蓬,1,1,1000
45109,40089,復活卷軸,1,1,100000
45109,40265,黑暗精靈水晶(暗隱術),1,1,10000
45109,40266,黑暗精靈水晶(附加劇毒),1,1,10000
45109,40269,黑暗精靈水晶(力量提升),1,1,10000
45109,40308,金幣,25,54,1000000
45109,40444,黑色米索莉原石,1,1,10000
45109,140100,瞬間移動卷軸,1,1,100000
45111,49237,史塔利的證明,1,1,10000
45113,49236,庫卡斯的證明,1,1,10000
45114,27,彎刀,1,1,500
45114,69,青銅 雙刀,1,1,5000
45114,71,鋼鐵 雙刀,1,1,10000
45114,152,青銅 鋼爪,1,1,10000
45114,153,鋼鐵 鋼爪,1,1,10000
45114,20043,鋼盔,1,1,5000
45114,20056,抗魔法斗篷,1,1,5000
45114,20070,黑暗斗蓬,1,1,1000
45114,20242,大盾牌,1,1,1000
45114,40006,松木魔杖,1,1,100
45114,40013,自我加速藥水,1,1,50000
45114,40018,強化 綠色藥水,1,1,50000
45114,40171,魔法書(通暢氣脈術),1,1,10000
45114,40181,魔法書(迷魅術),1,1,10000
45114,40265,黑暗精靈水晶(暗隱術),1,1,10000
45114,40266,黑暗精靈水晶(附加劇毒),1,1,10000
45114,40269,黑暗精靈水晶(力量提升),1,1,10000
45114,40308,金幣,25,54,1000000
45114,40407,骨頭碎片,1,1,10000
45114,200027,彎刀,1,1,5000
45114,220043,鋼盔,1,1,5000
45114,220056,抗魔法斗篷,1,1,1000
45115,20014,治癒魔法頭盔,1,1,10000
45115,40013,自我加速藥水,1,1,100000
45115,40014,勇敢藥水,1,1,50000
45115,40018,強化 綠色藥水,1,1,50000
45115,40047,綠寶石,1,1,50000
45115,40179,魔法書(極道落雷),1,1,1000
45115,40304,馬普勒之石,1,1,10000
45115,40308,金幣,33,65,1000000
45115,41274,螞蟻腿,1,1,0
45115,49106,龍騎士書板(覺醒：安塔瑞斯),1,1,10000
45115,49162,古代黑妖之秘笈,1,1,50000
45115,140100,瞬間移動卷軸,1,1,300000
45116,20011,抗魔法頭盔,1,1,10000
45116,20056,抗魔法斗篷,1,1,5000
45116,40013,自我加速藥水,1,1,100000
45116,40017,翡翠藥水,1,1,300000
45116,40018,強化 綠色藥水,1,1,50000
45116,40049,品質紅寶石,1,1,1600
45116,40304,馬普勒之石,1,1,10000
45116,40308,金幣,33,65,1000000
45117,40010,治癒藥水,1,1,100000
45117,40017,翡翠藥水,1,1,100000
45117,40046,藍寶石,1,1,10000
45117,40088,變形卷軸,1,1,10000
45117,40305,帕格里奧之石,1,1,10000
45117,40308,金幣,33,65,1000000
45117,40496,粗糙的米索莉塊,1,1,50000
45117,40522,藍水晶,1,1,10000
45117,49169,污濁妖魔之心,1,1,100000
45118,40010,治癒藥水,1,1,100000
45118,40017,翡翠藥水,1,1,100000
45118,40088,變形卷軸,1,1,10000
45118,40234,精靈水晶(世界樹的呼喚),1,1,10000
45118,40240,精靈水晶(三重矢),1,1,10000
45118,40305,帕格里奧之石,1,1,10000
45118,40308,金幣,33,65,1000000
45118,40492,綠水晶,1,1,10000
45118,40496,粗糙的米索莉塊,1,1,50000
45118,49169,污濁妖魔之心,1,1,100000
45119,40308,金幣,33,65,1000000
45119,40585,妖魔長老首級,1,1,1000000
45120,158,黑暗 鋼爪,1,1,10000
45120,20032,黑暗頭飾,1,1,1000
45120,20070,黑暗斗蓬,1,1,1000
45120,20110,抗魔法鏈甲,1,1,5000
45120,40001,燈,1,1,1000
45120,40267,黑暗精靈水晶(影之防護),1,1,10000
45120,40308,金幣,20,45,1000000
45120,40408,金屬塊,1,1,50000
45121,128,橡木魔法杖,1,1,5000
45121,129,美基魔法杖,1,1,1000
45121,131,力量魔法杖,1,1,1000
45121,40015,藍色藥水,1,1,100000
45121,40180,魔法書(高級治癒術),1,1,10000
45121,40191,魔法書(烈炎術),1,1,10000
45121,40224,魔法書(靈魂昇華),1,1,100
45121,40305,帕格里奧之石,1,1,10000
45121,40308,金幣,33,65,1000000
45121,49105,龍騎士書板(岩漿噴吐),1,1,10000
45122,172,弓,1,1,10000
45122,20043,鋼盔,1,1,10000
45122,20056,抗魔法斗篷,1,1,50000
45122,40013,自我加速藥水,1,1,100000
45122,40018,強化 綠色藥水,1,1,50000
45122,40171,魔法書(通暢氣脈術),1,1,10000
45122,40240,精靈水晶(三重矢),1,1,10000
45122,40308,金幣,33,65,1000000
45122,40407,骨頭碎片,1,1,10000
45124,172,弓,1,1,1000
45124,20043,鋼盔,1,1,1000
45124,20056,抗魔法斗篷,1,1,5000
45124,40013,自我加速藥水,1,1,10000
45124,40018,強化 綠色藥水,1,1,10000
45124,40029,象牙塔治癒藥水,1,1,50000
45124,40082,指定傳送卷軸(歌唱之島),1,1,50000
45124,40098,象牙塔鑑定卷軸,1,1,50000
45124,40308,金幣,33,65,1000000
45124,40407,骨頭碎片,1,1,10000
45125,40307,沙哈之石,1,1,10000
45125,40308,金幣,33,65,1000000
45125,40405,皮革,1,1,10000
45126,136,斧,1,1,1000
45126,137,亞連,1,1,10000
45126,138,木棒,1,1,10000
45126,139,弗萊爾,1,1,10000
45126,143,戰斧,1,1,2000
45126,40007,烏木魔杖,1,1,5000
45126,40015,藍色藥水,1,1,10000
45126,40045,紅寶石,1,1,50000
45126,40049,品質紅寶石,1,1,10000
45126,40053,高品質紅寶石,1,1,1000
45126,40177,魔法書(岩牢),1,1,10000
45126,40234,精靈水晶(世界樹的呼喚),1,1,10000
45126,40265,黑暗精靈水晶(暗隱術),1,1,50000
45126,40267,黑暗精靈水晶(影之防護),1,1,1000
45126,40304,馬普勒之石,1,1,10000
45126,40308,金幣,37,72,1000000
45126,40494,純粹的米索莉塊,1,1,10000
45126,40496,粗糙的米索莉塊,1,1,100000
45126,40564,生命的卷軸,1,1,300000
45127,20011,抗魔法頭盔,1,1,10000
45127,20056,抗魔法斗篷,1,1,5000
45127,20110,抗魔法鏈甲,1,1,5000
45127,40001,燈,1,1,1000
45127,40002,燈籠,1,1,1000
45127,40010,治癒藥水,1,1,100000
45127,40013,自我加速藥水,1,1,10000
45127,40018,強化 綠色藥水,1,1,10000
45127,40045,紅寶石,1,1,10000
45127,40056,肉,1,1,100000
45127,40059,蛋,1,1,100000
45127,40134,羅孚圖騰,1,1,300000
45127,40308,金幣,37,72,1000000
45128,40088,變形卷軸,1,1,10000
45128,40233,精靈水晶(心靈轉換),1,1,10000
45128,40234,精靈水晶(世界樹的呼喚),1,1,10000
45128,40305,帕格里奧之石,1,1,10000
45128,40308,金幣,37,72,1000000
45128,40496,粗糙的米索莉塊,1,1,50000
45128,40523,白水晶,1,1,10000
45128,49169,污濁妖魔之心,1,1,100000
45129,69,青銅 雙刀,1,1,5000
45129,71,鋼鐵 雙刀,1,1,10000
45129,152,青銅 鋼爪,1,1,10000
45129,153,鋼鐵 鋼爪,1,1,10000
45129,172,弓,1,1,10000
45129,20043,鋼盔,1,1,5000
45129,20056,抗魔法斗篷,1,1,10000
45129,20180,黑暗手套,1,1,10000
45129,40013,自我加速藥水,1,1,100000
45129,40018,強化 綠色藥水,1,1,50000
45129,40171,魔法書(通暢氣脈術),1,1,10000
45129,40265,黑暗精靈水晶(暗隱術),1,1,10000
45129,40266,黑暗精靈水晶(附加劇毒),1,1,10000
45129,40274,黑暗精靈水晶(敏捷提升),1,1,10000
45129,40308,金幣,33,65,1000000
45129,40407,骨頭碎片,1,1,10000
45130,136,斧,1,1,1000
45130,20056,抗魔法斗篷,1,1,50000
45130,40006,松木魔杖,1,1,100
45130,40013,自我加速藥水,1,1,50000
45130,40018,強化 綠色藥水,1,1,50000
45130,40171,魔法書(通暢氣脈術),1,1,10000
45130,40187,魔法書(體魄強健術),1,1,10000
45130,40308,金幣,37,72,1000000
45130,40407,骨頭碎片,1,1,10000
45131,96,矛,1,1,1000
45131,20056,抗魔法斗篷,1,1,20000
45131,40013,自我加速藥水,1,1,50000
45131,40018,強化 綠色藥水,1,1,50000
45131,40171,魔法書(通暢氣脈術),1,1,10000
45131,40308,金幣,37,72,1000000
45131,40407,骨頭碎片,1,1,10000
45131,40739,飛刀,1,1,10000
45133,20174,雪人手套,1,1,10000
45133,40088,變形卷軸,1,1,50000
45133,40237,精靈水晶(釋放元素),1,1,10000
45133,40306,伊娃之石,1,1,10000
45133,40308,金幣,41,78,1000000
45133,140100,瞬間移動卷軸,1,1,100000
45134,69,青銅 雙刀,1,1,5000
45134,71,鋼鐵 雙刀,1,1,10000
45134,136,斧,1,1,1000
45134,137,亞連,1,1,10000
45134,138,木棒,1,1,1000
45134,139,弗萊爾,1,1,1000
45134,143,戰斧,1,1,1000
45134,152,青銅 鋼爪,1,1,10000
45134,153,鋼鐵 鋼爪,1,1,10000
45134,20032,黑暗頭飾,1,1,1000
45134,40007,烏木魔杖,1,1,5000
45134,40010,治癒藥水,1,1,50000
45134,40011,強力治癒藥水,1,1,50000
45134,40015,藍色藥水,1,1,50000
45134,40265,黑暗精靈水晶(暗隱術),1,1,10000
45134,40267,黑暗精靈水晶(影之防護),1,1,10000
45134,40269,黑暗精靈水晶(力量提升),1,1,10000
45134,40304,馬普勒之石,1,1,10000
45134,40308,金幣,37,72,1000000
45134,40740,重飛刀,1,1,10000
45135,40002,燈籠,1,1,1000
45135,40260,精靈水晶(風之神射),1,1,10000
45135,40308,金幣,41,78,1000000
45136,40006,松木魔杖,1,1,100
45136,40007,烏木魔杖,1,1,5000
45136,40013,自我加速藥水,1,1,100000
45136,40018,強化 綠色藥水,1,1,50000
45136,40174,魔法書(緩速術),1,1,50000
45136,40190,魔法書(地裂術),1,1,10000
45136,40211,魔法書(沉睡之霧),1,1,10000
45136,40273,黑暗精靈水晶(毒性抵抗),1,1,10000
45136,40304,馬普勒之石,1,1,10000
45136,40308,金幣,41,78,1000000
45136,49046,蜘蛛腿肉,1,1,0
45136,140100,瞬間移動卷軸,1,1,100000
45137,40044,鑽石,1,1,10000
45137,40045,紅寶石,1,1,10000
45137,40048,品質鑽石,1,1,1000
45137,40068,精靈餅乾,1,1,10000
45137,40088,變形卷軸,1,1,10000
45137,40233,精靈水晶(心靈轉換),1,1,10000
45137,40234,精靈水晶(世界樹的呼喚),1,1,10000
45137,40235,精靈水晶(淨化精神),1,1,10000
45137,40248,精靈水晶(地面障礙),1,1,10000
45137,40260,精靈水晶(風之神射),1,1,10000
45137,40308,金幣,41,78,1000000
45137,40696,遠征隊的遺物,1,1,100000
45138,40002,燈籠,1,1,1000
45138,40260,精靈水晶(風之神射),1,1,10000
45138,40305,帕格里奧之石,1,1,10000
45138,40308,金幣,41,78,1000000
45139,20217,藍海賊長靴,1,1,5000
45139,20425,詛咒的綠色耳環,1,1,1000
45139,40010,治癒藥水,1,1,100000
45139,40045,紅寶石,1,1,10000
45139,40056,肉,1,1,100000
45139,40079,傳送回家的卷軸,1,1,100000
45139,40088,變形卷軸,1,1,100000
45139,40305,帕格里奧之石,1,1,10000
45139,40308,金幣,41,78,1000000
45139,40405,皮革,1,1,10000
45139,41276,山豬肉,1,1,0
45139,140329,原住民圖騰,1,1,10000
45140,23,闊劍,1,1,10000
45140,20043,鋼盔,1,1,10000
45140,40001,燈,1,1,1000
45140,40013,自我加速藥水,1,1,100000
45140,40018,強化 綠色藥水,1,1,100000
45140,40020,濃縮強力體力恢復劑,1,1,100000
45140,40304,馬普勒之石,1,1,10000
45140,40308,金幣,41,78,1000000
45140,40408,金屬塊,1,1,100000
45140,40899,鋼鐵原石,1,1,10000
45141,20011,抗魔法頭盔,1,1,10000
45141,40013,自我加速藥水,1,1,50000
45141,40014,勇敢藥水,1,1,100000
45141,40016,慎重藥水,1,1,100000
45141,40018,強化 綠色藥水,1,1,50000
45141,40090,空的魔法卷軸(等級1),1,1,50000
45141,40091,空的魔法卷軸(等級2),1,1,50000
45141,40171,魔法書(通暢氣脈術),1,1,10000
45141,40187,魔法書(體魄強健術),1,1,10000
45141,40277,黑暗精靈水晶(暗影之牙),1,1,10000
45141,40308,金幣,45,86,1000000
45141,40524,黑色血痕,1,1,10000
45142,143,戰斧,1,1,1000
45142,148,巨斧,1,1,1000
45142,40015,藍色藥水,1,1,50000
45142,40017,翡翠藥水,1,1,50000
45142,40047,綠寶石,1,1,50000
45142,40051,品質綠寶石,1,1,10000
45142,40055,高品質綠寶石,1,1,10000
45142,40174,魔法書(緩速術),1,1,10000
45142,40196,魔法書(召喚術),1,1,1000
45142,40221,魔法書(集體緩速術),1,1,10000
45142,40272,黑暗精靈水晶(暗黑盲咒),1,1,10000
45142,40308,金幣,41,78,1000000
45143,20011,抗魔法頭盔,1,1,10000
45143,20110,抗魔法鏈甲,1,1,10000
45143,20237,阿克海盾牌,1,1,100000
45143,20263,妖魔戰士護身符,1,1,20000
45143,40002,燈籠,1,1,1000
45143,40011,強力治癒藥水,1,1,100000
45143,40016,慎重藥水,1,1,10000
45143,40045,紅寶石,1,1,50000
45143,40049,品質紅寶石,1,1,1600
45143,40133,都達瑪拉圖騰,1,1,300000
45143,40308,金幣,45,86,1000000
45143,40611,都達瑪拉妖魔魔法書,1,1,50000
45144,25,銀劍,1,1,5000
45144,20011,抗魔法頭盔,1,1,10000
45144,20242,大盾牌,1,1,10000
45144,40013,自我加速藥水,1,1,100000
45144,40018,強化 綠色藥水,1,1,100000
45144,40046,藍寶石,1,1,50000
45144,40100,瞬間移動卷軸,1,1,300000
45144,40267,黑暗精靈水晶(影之防護),1,1,10000
45144,40271,黑暗精靈水晶(燃燒鬥志),1,1,10000
45144,40306,伊娃之石,1,1,10000
45144,40308,金幣,45,86,1000000
45145,25,銀劍,1,1,1000
45145,153,鋼鐵 鋼爪,1,1,10000
45145,20011,抗魔法頭盔,1,1,10000
45145,20242,大盾牌,1,1,5000
45145,40013,自我加速藥水,1,1,300000
45145,40018,強化 綠色藥水,1,1,100000
45145,40100,瞬間移動卷軸,1,1,100000
45145,40267,黑暗精靈水晶(影之防護),1,1,10000
45145,40271,黑暗精靈水晶(燃燒鬥志),1,1,10000
45145,40308,金幣,45,86,1000000
45147,40014,勇敢藥水,1,1,100000
45147,40059,蛋,1,1,300000
45147,40061,檸檬,1,1,300000
45147,40062,香蕉,1,1,300000
45147,40064,蘋果,1,1,300000
45147,40069,橘子,1,1,300000
45147,40304,馬普勒之石,1,1,10000
45147,40308,金幣,45,86,1000000
45147,40406,高級皮革,1,1,10000
45147,41263,太陽花籽,1,1,0
45147,49106,龍騎士書板(覺醒：安塔瑞斯),1,1,10000
45148,153,鋼鐵 鋼爪,1,1,10000
45148,40011,強力治癒藥水,1,1,50000
45148,40014,勇敢藥水,1,1,50000
45148,40059,蛋,1,1,300000
45148,40061,檸檬,1,1,300000
45148,40062,香蕉,1,1,300000
45148,40064,蘋果,1,1,300000
45148,40308,金幣,45,86,1000000
45148,40406,高級皮革,1,1,5000
45149,37,大馬士革刀,1,1,50000
45149,20011,抗魔法頭盔,1,1,10000
45149,20136,歐西斯鏈甲,1,1,10000
45149,20149,青銅盔甲,1,1,10000
45149,20237,阿克海盾牌,1,1,100000
45149,20263,妖魔戰士護身符,1,1,20000
45149,40002,燈籠,1,1,1000
45149,40011,強力治癒藥水,1,1,100000
45149,40013,自我加速藥水,1,1,50000
45149,40014,勇敢藥水,1,1,50000
45149,40018,強化 綠色藥水,1,1,50000
45149,40045,紅寶石,1,1,100000
45149,40135,阿吐巴圖騰,1,1,300000
45149,40234,精靈水晶(世界樹的呼喚),1,1,10000
45149,40308,金幣,45,86,1000000
45149,40612,阿吐巴妖魔魔法書,1,1,50000
45150,40010,治癒藥水,1,1,100000
45150,40088,變形卷軸,1,1,10000
45150,40235,精靈水晶(淨化精神),1,1,10000
45150,40308,金幣,45,86,1000000
45150,40496,粗糙的米索莉塊,1,1,50000
45150,40501,紅水晶,1,1,10000
45151,40308,金幣,45,86,1000000
45151,40496,粗糙的米索莉塊,1,1,50000
45151,40500,紫水晶,1,1,10000
45151,40744,銀箭,10,30,100000
45152,40017,翡翠藥水,1,1,100000
45152,40308,金幣,45,86,1000000
45152,40510,污濁安特的樹皮,1,1,10000
45152,40511,污濁安特的水果,1,1,10000
45152,40512,污濁安特的樹枝,1,1,10000
45153,40049,品質紅寶石,1,1,10000
45153,40079,傳送回家的卷軸,1,1,100000
45153,40088,變形卷軸,1,1,10000
45153,40089,復活卷軸,1,1,100000
45153,40308,金幣,45,86,1000000
45153,40514,精靈之淚,1,1,100000
45153,49170,污濁精靈核晶,1,1,100000
45154,40041,人魚之鱗,1,1,100000
45154,40308,金幣,45,86,1000000
45155,143,戰斧,1,1,5000
45155,148,巨斧,1,1,1000
45155,20115,藤甲,1,1,1000
45155,40183,魔法書(冰錐),1,1,10000
45155,40184,魔法書(魔力奪取),1,1,10000
45155,40225,魔法書(冰雪颶風),1,1,1000
45155,40236,精靈水晶(屬性防禦),1,1,10000
45155,40306,伊娃之石,1,1,10000
45155,40308,金幣,45,86,1000000
45155,140100,瞬間移動卷軸,1,1,100000
45156,25,銀劍,1,1,1000
45156,20011,抗魔法頭盔,1,1,10000
45156,20242,大盾牌,1,1,1000
45156,40013,自我加速藥水,1,1,50000
45156,40046,藍寶石,1,1,10000
45156,40100,瞬間移動卷軸,1,1,50000
45156,40272,黑暗精靈水晶(暗黑盲咒),1,1,10000
45156,40306,伊娃之石,1,1,10000
45156,40308,金幣,45,86,1000000
45156,140088,變形卷軸,1,1,10000
45156,140100,瞬間移動卷軸,1,1,10000
45157,40074,對盔甲施法的卷軸,1,1,10000
45157,40089,復活卷軸,1,1,100000
45157,40186,魔法書(造屍術),1,1,10000
45157,40200,魔法書(狂暴術),1,1,10000
45157,40221,魔法書(集體緩速術),1,1,1000
45157,40271,黑暗精靈水晶(燃燒鬥志),1,1,10000
45157,40308,金幣,50,93,1000000
45157,40538,食屍鬼的指甲,1,1,50000
45157,40539,食屍鬼的牙齒,1,1,50000
45157,40738,銀飛刀,1,1,10000
45157,140100,瞬間移動卷軸,1,1,50000
45157,200002,骰子匕首,1,1,1000
45158,39,短刀,1,1,5000
45158,20060,藍海賊斗篷,1,1,5000
45158,20423,詛咒的紅色耳環,1,1,1000
45158,40011,強力治癒藥水,1,1,50000
45158,40047,綠寶石,1,1,10000
45158,40079,傳送回家的卷軸,1,1,100000
45158,40304,馬普勒之石,1,1,10000
45158,40308,金幣,50,93,1000000
45158,40471,精靈碎片,1,1,10000
45158,49111,龍騎士書板(覺醒：法利昂),1,1,10000
45158,140329,原住民圖騰,1,1,10000
45158,220293,受詛咒的鑽石戒指,1,1,10000
45158,220296,受詛咒的綠寶石戒指,1,1,10000
45159,40225,魔法書(冰雪颶風),1,1,1000
45159,40255,精靈水晶(生命的祝福),1,1,1000
45159,40306,伊娃之石,1,1,10000
45159,40308,金幣,50,93,1000000
45160,40008,楓木魔杖,1,1,1000
45160,40013,自我加速藥水,1,1,100000
45160,40018,強化 綠色藥水,1,1,50000
45160,40306,伊娃之石,1,1,10000
45160,40308,金幣,126,212,1000000
45161,27,彎刀,1,1,500
45161,20043,鋼盔,1,1,5000
45161,20149,青銅盔甲,1,1,10000
45161,20242,大盾牌,1,1,1000
45161,40008,楓木魔杖,1,1,1000
45161,40013,自我加速藥水,1,1,100000
45161,40018,強化 綠色藥水,1,1,50000
45161,40308,金幣,50,93,1000000
45161,40738,銀飛刀,1,1,10000
45161,100027,彎刀,1,1,50000
45162,20307,小型靈魂腰帶,1,1,1000
45162,20316,靈魂腰帶,1,1,1000
45162,40010,治癒藥水,1,1,300000
45162,40015,藍色藥水,1,1,50000
45162,40175,魔法書(魔法屏障),1,1,10000
45162,40185,魔法書(黑闇之影),1,1,50000
45162,40273,黑暗精靈水晶(毒性抵抗),1,1,50000
45162,40308,金幣,50,93,1000000
45162,140010,治癒藥水,1,1,300000
45162,140011,強力治癒藥水,1,1,300000
45162,140012,終極治癒藥水,1,1,300000
45163,20217,藍海賊長靴,1,1,5000
45163,20425,詛咒的綠色耳環,1,1,1000
45163,40010,治癒藥水,1,1,100000
45163,40014,勇敢藥水,1,1,10000
45163,40047,綠寶石,1,1,10000
45163,40056,肉,1,1,100000
45163,40079,傳送回家的卷軸,1,1,100000
45163,40088,變形卷軸,1,1,100000
45163,40304,馬普勒之石,1,1,10000
45163,40308,金幣,61,110,1000000
45163,40405,皮革,1,1,10000
45163,41276,山豬肉,1,1,0
45163,140329,原住民圖騰,1,1,10000
45164,40074,對盔甲施法的卷軸,1,1,5000
45164,40172,魔法書(壞物術),1,1,2500
45164,40187,魔法書(體魄強健術),1,1,2500
45164,40238,精靈水晶(魂體轉換),1,1,500
45164,40255,精靈水晶(生命的祝福),1,1,100
45164,40306,伊娃之石,1,1,10000
45164,40308,金幣,61,110,1000000
45164,140100,瞬間移動卷軸,1,1,100000
45165,52,雙手劍,1,1,5000
45165,93,三叉戟,1,1,10000
45165,94,帕提森,1,1,10000
45165,103,戟,1,1,10000
45165,20063,保護者斗篷,1,1,5000
45165,20085,T恤,1,1,10000
45165,20149,青銅盔甲,1,1,10000
45165,20154,金屬盔甲,1,1,5000
45165,20162,皮手套,1,1,5000
45165,20205,長靴,1,1,10000
45165,20213,短統靴,1,1,10000
45165,40014,勇敢藥水,1,1,100000
45165,40015,藍色藥水,1,1,50000
45165,40044,鑽石,1,1,10000
45165,40045,紅寶石,1,1,10000
45165,40046,藍寶石,1,1,10000
45165,40047,綠寶石,1,1,10000
45165,40308,金幣,50,93,1000000
45165,40540,古老的交易文件,1,1,300000
45165,40608,黑騎士的誓約,1,1,300000
45165,100095,槍,1,1,100000
45165,100103,戟,1,1,50000
45167,40721,巨大南瓜種子,1,1,10000
45168,40015,藍色藥水,1,1,10000
45168,40047,綠寶石,1,1,10000
45168,40177,魔法書(岩牢),1,1,10000
45168,40307,沙哈之石,1,1,10000
45168,40308,金幣,50,93,1000000
45168,40405,皮革,1,1,5000
45168,40406,高級皮革,1,1,1000
45169,40074,對盔甲施法的卷軸,1,1,10000
45169,40089,復活卷軸,1,1,10000
45169,40100,瞬間移動卷軸,1,1,50000
45169,40172,魔法書(壞物術),1,1,10000
45169,40187,魔法書(體魄強健術),1,1,10000
45169,40255,精靈水晶(生命的祝福),1,1,1000
45169,40306,伊娃之石,1,1,10000
45169,40308,金幣,56,102,1000000
45170,143,戰斧,1,1,1000
45170,148,巨斧,1,1,1000
45170,20115,藤甲,1,1,1000
45170,40100,瞬間移動卷軸,1,1,100000
45170,40183,魔法書(冰錐),1,1,10000
45170,40184,魔法書(魔力奪取),1,1,10000
45170,40225,魔法書(冰雪颶風),1,1,1000
45170,40236,精靈水晶(屬性防禦),1,1,10000
45170,40306,伊娃之石,1,1,10000
45170,40308,金幣,56,102,1000000
45170,140100,瞬間移動卷軸,1,1,50000
45171,37,大馬士革刀,1,1,50000
45171,20110,抗魔法鏈甲,1,1,5000
45171,20237,阿克海盾牌,1,1,50000
45171,20263,妖魔戰士護身符,1,1,20000
45171,40002,燈籠,1,1,1000
45171,40011,強力治癒藥水,1,1,50000
45171,40013,自我加速藥水,1,1,100000
45171,40045,紅寶石,1,1,10000
45171,40132,那魯加圖騰,1,1,300000
45171,40308,金幣,56,102,1000000
45171,40610,那魯加妖魔魔法書,1,1,50000
45171,200032,侵略者之劍,1,1,5000
45171,200052,雙手劍,1,1,5000
45172,40013,自我加速藥水,1,1,100000
45172,40016,慎重藥水,1,1,50000
45172,40100,瞬間移動卷軸,1,1,50000
45172,40119,解除咀咒的卷軸,1,1,50000
45172,40198,魔法書(龍捲風),1,1,10000
45172,40307,沙哈之石,1,1,10000
45172,40308,金幣,56,102,1000000
45173,104,法丘,1,1,5000
45173,143,戰斧,1,1,10000
45173,20122,鱗甲,1,1,5000
45173,20147,銀釘皮甲,1,1,10000
45173,20205,長靴,1,1,10000
45173,20242,大盾牌,1,1,10000
45173,40044,鑽石,1,1,50000
45173,40087,對武器施法的卷軸,1,1,10000
45173,40171,魔法書(通暢氣脈術),1,1,50000
45173,40173,魔法書(吸血鬼之吻),1,1,50000
45173,40174,魔法書(緩速術),1,1,50000
45173,40307,沙哈之石,1,1,10000
45173,40308,金幣,56,102,1000000
45173,40319,精靈玉,1,1,10000
45174,142,銀斧,1,1,20000
45174,20114,綿質長袍,1,1,5000
45174,40001,燈,1,1,1000
45174,40007,烏木魔杖,1,1,10000
45174,40011,強力治癒藥水,1,1,100000
45174,40013,自我加速藥水,1,1,100000
45174,40014,勇敢藥水,1,1,100000
45174,40016,慎重藥水,1,1,100000
45174,40018,強化 綠色藥水,1,1,50000
45174,40020,濃縮強力體力恢復劑,1,1,50000
45174,40175,魔法書(魔法屏障),1,1,10000
45174,40183,魔法書(冰錐),1,1,10000
45174,40184,魔法書(魔力奪取),1,1,10000
45174,40195,魔法書(冰矛圍籬),1,1,10000
45174,40236,精靈水晶(屬性防禦),1,1,10000
45174,40254,精靈水晶(生命之泉),1,1,10000
45174,40308,金幣,73,129,1000000
45174,140100,瞬間移動卷軸,1,1,100000
45175,10,小武士刀,1,1,5000
45175,188,拉斯塔巴德重十字弓,1,1,5000
45175,40013,自我加速藥水,1,1,50000
45175,40016,慎重藥水,1,1,50000
45175,40074,對盔甲施法的卷軸,1,1,10000
45175,40087,對武器施法的卷軸,1,1,10000
45175,40119,解除咀咒的卷軸,1,1,50000
45175,40308,金幣,56,102,1000000
45175,40429,大洞穴卷軸碎片,1,1,50000
45175,40444,黑色米索莉原石,1,1,10000
45175,40524,黑色血痕,1,1,10000
45175,40746,米索莉箭,30,100,10000
45175,140100,瞬間移動卷軸,1,1,50000
45179,40308,金幣,61,110,1000000
45179,40586,王族徽章的碎片,1,1,1000000
45181,27,彎刀,1,1,1000
45181,69,青銅 雙刀,1,1,5000
45181,71,鋼鐵 雙刀,1,1,10000
45181,152,青銅 鋼爪,1,1,10000
45181,153,鋼鐵 鋼爪,1,1,10000
45181,20043,鋼盔,1,1,10000
45181,20132,黑暗披肩,1,1,10000
45181,20149,青銅盔甲,1,1,10000
45181,20242,大盾牌,1,1,1000
45181,40008,楓木魔杖,1,1,1000
45181,40013,自我加速藥水,1,1,300000
45181,40018,強化 綠色藥水,1,1,100000
45181,40171,魔法書(通暢氣脈術),1,1,10000
45181,40265,黑暗精靈水晶(暗隱術),1,1,10000
45181,40266,黑暗精靈水晶(附加劇毒),1,1,10000
45181,40269,黑暗精靈水晶(力量提升),1,1,10000
45181,40274,黑暗精靈水晶(敏捷提升),1,1,10000
45181,40308,金幣,50,93,1000000
45181,40408,金屬塊,1,1,100000
45181,100027,彎刀,1,1,50000
45182,140,釘錘,1,1,5000
45182,142,銀斧,1,1,20000
45182,20175,水晶手套,1,1,1000
45182,40015,藍色藥水,1,1,100000
45182,40048,品質鑽石,1,1,10000
45182,40183,魔法書(冰錐),1,1,10000
45182,40192,魔法書(弱化術),1,1,10000
45182,40254,精靈水晶(生命之泉),1,1,10000
45182,40308,金幣,61,110,1000000
45182,49130,記憶水晶(幻覺：鑽石高崙),1,1,300
45183,40013,自我加速藥水,1,1,100000
45183,40017,翡翠藥水,1,1,100000
45183,40018,強化 綠色藥水,1,1,50000
45183,40045,紅寶石,1,1,10000
45183,40235,精靈水晶(淨化精神),1,1,10000
45183,40308,金幣,61,110,1000000
45183,40518,品質藍水晶,1,1,10000
45184,40007,烏木魔杖,1,1,10000
45184,40013,自我加速藥水,1,1,100000
45184,40017,翡翠藥水,1,1,100000
45184,40018,強化 綠色藥水,1,1,50000
45184,40087,對武器施法的卷軸,1,1,10000
45184,40174,魔法書(緩速術),1,1,50000
45184,40181,魔法書(迷魅術),1,1,50000
45184,40211,魔法書(沉睡之霧),1,1,10000
45184,40273,黑暗精靈水晶(毒性抵抗),1,1,10000
45184,40304,馬普勒之石,1,1,10000
45184,40308,金幣,61,110,1000000
45184,40590,楊果里恩之爪,1,1,300000
45184,49106,龍騎士書板(覺醒：安塔瑞斯),1,1,10000
45184,140100,瞬間移動卷軸,1,1,100000
45185,40002,燈籠,1,1,500
45185,40308,金幣,61,110,1000000
45186,37,大馬士革刀,1,1,10000
45186,40011,強力治癒藥水,1,1,100000
45186,40013,自我加速藥水,1,1,100000
45186,40017,翡翠藥水,1,1,100000
45186,40018,強化 綠色藥水,1,1,50000
45186,40045,紅寶石,1,1,10000
45186,40049,品質紅寶石,1,1,10000
45186,40235,精靈水晶(淨化精神),1,1,10000
45186,40308,金幣,67,120,1000000
45186,40516,品質綠水晶,1,1,10000
45187,20011,抗魔法頭盔,1,1,10000
45187,40017,翡翠藥水,1,1,100000
45187,40049,品質紅寶石,1,1,10000
45187,40088,變形卷軸,1,1,10000
45187,40304,馬普勒之石,1,1,10000
45187,40308,金幣,67,120,1000000
45187,140088,變形卷軸,1,1,10000
45188,143,戰斧,1,1,1000
45188,145,狂戰士斧,1,1,1000
45188,148,巨斧,1,1,1000
45188,20014,治癒魔法頭盔,1,1,10000
45188,20180,黑暗手套,1,1,10000
45188,40015,藍色藥水,1,1,10000
45188,40017,翡翠藥水,1,1,50000
45188,40051,品質綠寶石,1,1,10000
45188,40055,高品質綠寶石,1,1,10000
45188,40074,對盔甲施法的卷軸,1,1,10000
45188,40087,對武器施法的卷軸,1,1,10000
45188,40100,瞬間移動卷軸,1,1,50000
45188,40201,魔法書(疾病術),1,1,10000
45188,40304,馬普勒之石,1,1,10000
45188,40308,金幣,67,120,1000000
45188,140100,瞬間移動卷軸,1,1,50000
45189,40015,藍色藥水,1,1,100000
45189,40088,變形卷軸,1,1,100000
45189,40308,金幣,67,120,1000000
45190,20015,力量魔法頭盔,1,1,1000
45190,20149,青銅盔甲,1,1,10000
45190,20154,金屬盔甲,1,1,1000
45190,40013,自我加速藥水,1,1,100000
45190,40014,勇敢藥水,1,1,100000
45190,40018,強化 綠色藥水,1,1,50000
45190,40045,紅寶石,1,1,50000
45190,40047,綠寶石,1,1,50000
45190,40049,品質紅寶石,1,1,10000
45190,40051,品質綠寶石,1,1,10000
45190,40053,高品質紅寶石,1,1,1000
45190,40055,高品質綠寶石,1,1,1000
45190,41274,螞蟻腿,1,1,0
45190,49106,龍騎士書板(覺醒：安塔瑞斯),1,1,10000
45190,49162,古代黑妖之秘笈,1,1,50000
45190,140100,瞬間移動卷軸,1,1,300000
45192,20115,藤甲,1,1,1000
45192,40013,自我加速藥水,1,1,100000
45192,40018,強化 綠色藥水,1,1,50000
45192,40171,魔法書(通暢氣脈術),1,1,10000
45192,40172,魔法書(壞物術),1,1,10000
45192,40188,魔法書(加速術),1,1,10000
45192,40304,馬普勒之石,1,1,10000
45192,40308,金幣,73,129,1000000
45192,140100,瞬間移動卷軸,1,1,50000
45194,20026,夜之視野,1,1,30000
45195,40013,自我加速藥水,1,1,100000
45195,40014,勇敢藥水,1,1,50000
45195,40018,強化 綠色藥水,1,1,50000
45195,40183,魔法書(冰錐),1,1,10000
45195,40306,伊娃之石,1,1,10000
45195,40308,金幣,109,186,1000000
45195,140100,瞬間移動卷軸,1,1,100000
45196,20207,深水長靴,1,1,1000
45196,40007,烏木魔杖,1,1,1000
45196,40010,治癒藥水,1,1,300000
45196,40011,強力治癒藥水,1,1,100000
45196,40012,終極治癒藥水,1,1,100000
45196,40013,自我加速藥水,1,1,100000
45196,40014,勇敢藥水,1,1,10000
45196,40015,藍色藥水,1,1,10000
45196,40016,慎重藥水,1,1,10000
45196,40017,翡翠藥水,1,1,50000
45196,40018,強化 綠色藥水,1,1,10000
45196,40019,濃縮體力恢復劑,1,1,10000
45196,40020,濃縮強力體力恢復劑,1,1,10000
45196,40021,濃縮終極體力恢復劑,1,1,10000
45196,40068,精靈餅乾,1,1,10000
45196,40090,空的魔法卷軸(等級1),1,1,10000
45196,40091,空的魔法卷軸(等級2),1,1,10000
45196,40092,空的魔法卷軸(等級3),1,1,10000
45196,40093,空的魔法卷軸(等級4),1,1,10000
45196,40094,空的魔法卷軸(等級5),1,1,10000
45196,40306,伊娃之石,1,1,10000
45197,20217,藍海賊長靴,1,1,5000
45197,20425,詛咒的綠色耳環,1,1,1000
45197,40010,治癒藥水,1,1,100000
45197,40015,藍色藥水,1,1,50000
45197,40044,鑽石,1,1,10000
45197,40056,肉,1,1,100000
45197,40079,傳送回家的卷軸,1,1,100000
45197,40088,變形卷軸,1,1,100000
45197,40305,帕格里奧之石,1,1,10000
45197,40307,沙哈之石,1,1,10000
45197,40308,金幣,73,129,1000000
45197,40405,皮革,1,1,10000
45197,41276,山豬肉,1,1,0
45197,140329,原住民圖騰,1,1,10000
45198,20114,綿質長袍,1,1,5000
45198,20174,雪人手套,1,1,10000
45198,40001,燈,1,1,500
45198,40013,自我加速藥水,1,1,50000
45198,40015,藍色藥水,1,1,100000
45198,40018,強化 綠色藥水,1,1,50000
45198,40020,濃縮強力體力恢復劑,1,1,50000
45198,40175,魔法書(魔法屏障),1,1,10000
45198,40184,魔法書(魔力奪取),1,1,10000
45198,40308,金幣,56,102,1000000
45198,140100,瞬間移動卷軸,1,1,100000
45203,40013,自我加速藥水,1,1,100000
45203,40018,強化 綠色藥水,1,1,50000
45203,40048,品質鑽石,1,1,10000
45203,40049,品質紅寶石,1,1,10000
45203,40050,品質藍寶石,1,1,10000
45203,40051,品質綠寶石,1,1,10000
45203,40191,魔法書(烈炎術),1,1,5000
45203,40198,魔法書(龍捲風),1,1,1000
45203,40215,魔法書(火風暴),1,1,1000
45203,40242,精靈水晶(魔法消除),1,1,1000
45203,40256,精靈水晶(火焰武器),1,1,5000
45203,40258,精靈水晶(烈炎武器),1,1,2500
45203,40259,精靈水晶(屬性之火),1,1,1000
45203,40262,精靈水晶(暴風之眼),1,1,2500
45203,40308,金幣,173,285,1000000
45203,140100,瞬間移動卷軸,1,1,100000
45206,40015,藍色藥水,1,1,100000
45206,40079,傳送回家的卷軸,1,1,500000
45206,40088,變形卷軸,1,1,300000
45206,40119,解除咀咒的卷軸,1,1,500000
45206,40170,魔法書(燃燒的火球),1,1,10000
45206,40182,魔法書(聖潔之光),1,1,5000
45206,40191,魔法書(烈炎術),1,1,5000
45206,40203,魔法書(火牢),1,1,1000
45206,40256,精靈水晶(火焰武器),1,1,5000
45206,40257,精靈水晶(烈炎氣息),1,1,2500
45206,40259,精靈水晶(屬性之火),1,1,1000
45206,40305,帕格里奧之石,1,1,10000
45206,40308,金幣,40,150,1000000
45206,40486,火山灰,1,1,30000
45206,140074,對盔甲施法的卷軸,1,1,100
45206,140087,對武器施法的卷軸,1,1,100
45207,40010,治癒藥水,1,1,100000
45207,40011,強力治癒藥水,1,1,100000
45207,40012,終極治癒藥水,1,1,100000
45207,40013,自我加速藥水,1,1,50000
45207,40015,藍色藥水,1,1,50000
45207,40016,慎重藥水,1,1,50000
45207,40018,強化 綠色藥水,1,1,50000
45207,40090,空的魔法卷軸(等級1),1,1,10000
45207,40253,精靈水晶(水之元氣),1,1,10000
45207,40308,金幣,118,198,1000000
45207,140010,治癒藥水,1,1,50000
45207,140011,強力治癒藥水,1,1,50000
45207,140012,終極治癒藥水,1,1,50000
45213,143,戰斧,1,1,10000
45213,148,巨斧,1,1,5000
45213,40015,藍色藥水,1,1,100000
45213,40017,翡翠藥水,1,1,100000
45213,40047,綠寶石,1,1,50000
45213,40051,品質綠寶石,1,1,10000
45213,40196,魔法書(召喚術),1,1,1000
45213,40221,魔法書(集體緩速術),1,1,1000
45213,40272,黑暗精靈水晶(暗黑盲咒),1,1,10000
45213,40304,馬普勒之石,1,1,10000
45213,40308,金幣,80,140,1000000
45213,49128,記憶水晶(幻想),1,1,200
45214,40011,強力治癒藥水,1,1,100000
45214,40013,自我加速藥水,1,1,100000
45214,40014,勇敢藥水,1,1,50000
45214,40431,鼴鼠的皮,1,1,50000
45214,49106,龍騎士書板(覺醒：安塔瑞斯),1,1,10000
45215,20063,保護者斗篷,1,1,10000
45215,40015,藍色藥水,1,1,100000
45215,40016,慎重藥水,1,1,100000
45215,40074,對盔甲施法的卷軸,1,1,10000
45215,40087,對武器施法的卷軸,1,1,10000
45215,40100,瞬間移動卷軸,1,1,100000
45215,40119,解除咀咒的卷軸,1,1,100000
45215,40126,鑑定卷軸,1,1,100000
45215,40179,魔法書(極道落雷),1,1,50000
45215,40180,魔法書(高級治癒術),1,1,50000
45215,40186,魔法書(造屍術),1,1,50000
45215,40210,魔法書(雷霆風暴),1,1,1000
45215,40308,金幣,80,140,1000000
45216,2,骰子匕首,1,1,1000
45216,96,矛,1,1,10000
45216,98,闊矛,1,1,5000
45216,20089,小藤甲,1,1,5000
45216,20147,銀釘皮甲,1,1,10000
45216,20182,手套,1,1,5000
45216,40010,治癒藥水,1,1,100000
45216,40011,強力治癒藥水,1,1,100000
45216,40074,對盔甲施法的卷軸,1,1,5000
45216,40308,金幣,80,350,1000000
45216,40738,銀飛刀,1,1,50000
45217,20060,藍海賊斗篷,1,1,5000
45217,20423,詛咒的紅色耳環,1,1,1000
45217,40011,強力治癒藥水,1,1,50000
45217,40046,藍寶石,1,1,10000
45217,40079,傳送回家的卷軸,1,1,100000
45217,40091,空的魔法卷軸(等級2),1,1,10000
45217,40246,精靈水晶(鏡反射),1,1,10000
45217,40306,伊娃之石,1,1,10000
45217,40308,金幣,80,140,1000000
45217,40330,無限箭筒,1,1,10000
45217,40471,精靈碎片,1,1,10000
45217,40661,兒子的遺骸,1,1,10000
45217,220293,受詛咒的鑽石戒指,1,1,10000
45217,220295,受詛咒的藍寶石戒指,1,1,10000
45219,40013,自我加速藥水,1,1,50000
45219,40016,慎重藥水,1,1,50000
45219,40100,瞬間移動卷軸,1,1,50000
45219,40119,解除咀咒的卷軸,1,1,50000
45219,40198,魔法書(龍捲風),1,1,5000
45219,40307,沙哈之石,1,1,10000
45219,40308,金幣,87,150,1000000
45219,40438,蝙蝠之牙,1,1,50000
45220,9,奧里哈魯根短劍,1,1,1000
45220,10,小武士刀,1,1,5000
45220,82,拉斯塔巴德雙刀,1,1,5000
45220,187,拉斯塔巴德十字弓,1,1,5000
45220,20102,拉斯塔巴德皮盔甲,1,1,1000
45220,20199,拉斯塔巴德長靴,1,1,5000
45220,20224,拉斯塔巴德圓盾,1,1,500
45220,40013,自我加速藥水,1,1,100000
45220,40014,勇敢藥水,1,1,50000
45220,40074,對盔甲施法的卷軸,1,1,10000
45220,40087,對武器施法的卷軸,1,1,10000
45220,40100,瞬間移動卷軸,1,1,100000
45220,40119,解除咀咒的卷軸,1,1,100000
45220,40197,魔法書(神聖疾走),1,1,5000
45220,40266,黑暗精靈水晶(附加劇毒),1,1,10000
45220,40269,黑暗精靈水晶(力量提升),1,1,10000
45220,40271,黑暗精靈水晶(燃燒鬥志),1,1,10000
45220,40272,黑暗精靈水晶(暗黑盲咒),1,1,10000
45220,40278,黑暗精靈水晶(會心一擊),1,1,10000
45220,40308,金幣,87,150,1000000
45220,40427,黑暗妖精袋子,1,1,50000
45221,103,戟,1,1,1000
45221,148,巨斧,1,1,1000
45221,20115,藤甲,1,1,1000
45221,40015,藍色藥水,1,1,75000
45221,40074,對盔甲施法的卷軸,1,1,5000
45221,40087,對武器施法的卷軸,1,1,5000
45221,40089,復活卷軸,1,1,300000
45221,40201,魔法書(疾病術),1,1,10000
45221,40213,魔法書(聖結界),1,1,1000
45221,40308,金幣,37,135,1000000
45221,40524,黑色血痕,1,1,10000
45221,140100,瞬間移動卷軸,1,1,100000
45222,40015,藍色藥水,1,1,50000
45222,40017,翡翠藥水,1,1,300000
45222,40074,對盔甲施法的卷軸,1,1,10000
45222,40087,對武器施法的卷軸,1,1,10000
45222,40172,魔法書(壞物術),1,1,10000
45222,40232,精靈水晶(魔法防禦),1,1,10000
45222,40253,精靈水晶(水之元氣),1,1,10000
45222,40255,精靈水晶(生命的祝福),1,1,1000
45222,40306,伊娃之石,1,1,10000
45222,40308,金幣,56,214,1000000
45222,40458,光明的鱗片,1,1,10000
45222,140100,瞬間移動卷軸,1,1,100000
45223,143,戰斧,1,1,5000
45223,145,狂戰士斧,1,1,2500
45223,148,巨斧,1,1,2500
45223,20115,藤甲,1,1,2500
45223,40074,對盔甲施法的卷軸,1,1,5000
45223,40087,對武器施法的卷軸,1,1,2500
45223,40170,魔法書(燃燒的火球),1,1,5000
45223,40172,魔法書(壞物術),1,1,5000
45223,40191,魔法書(烈炎術),1,1,5000
45223,40271,黑暗精靈水晶(燃燒鬥志),1,1,5000
45223,40305,帕格里奧之石,1,1,10000
45223,40308,金幣,46,359,1000000
45223,140100,瞬間移動卷軸,1,1,75000
45224,40015,藍色藥水,1,1,100000
45224,40087,對武器施法的卷軸,1,1,5000
45224,40090,空的魔法卷軸(等級1),1,1,50000
45224,40091,空的魔法卷軸(等級2),1,1,50000
45224,40092,空的魔法卷軸(等級3),1,1,10000
45224,40183,魔法書(冰錐),1,1,10000
45224,40232,精靈水晶(魔法防禦),1,1,10000
45224,40308,金幣,80,350,1000000
45224,49115,龍騎士書板(寒冰噴吐),1,1,5000
45224,49132,記憶水晶(洞察),1,1,300
45224,140100,瞬間移動卷軸,1,1,100000
45226,40014,勇敢藥水,1,1,14000
45226,40015,藍色藥水,1,1,14000
45226,40443,黑色米索莉,1,1,10000
45226,40444,黑色米索莉原石,1,1,10000
45226,40524,黑色血痕,1,1,30000
45226,40678,靈魂石碎片,1,1,30000
45227,40014,勇敢藥水,1,1,14000
45227,40015,藍色藥水,1,1,14000
45227,40443,黑色米索莉,1,1,10000
45227,40444,黑色米索莉原石,1,1,10000
45227,40524,黑色血痕,1,1,30000
45227,40678,靈魂石碎片,1,1,30000
45228,40006,松木魔杖,1,1,1000
45228,40007,烏木魔杖,1,1,10000
45228,40008,楓木魔杖,1,1,10000
45228,40306,伊娃之石,1,1,50000
45228,40308,金幣,4000,8000,1000000
45228,140074,對盔甲施法的卷軸,1,1,10000
45228,240074,對盔甲施法的卷軸,1,1,10000
45229,40013,自我加速藥水,1,1,50000
45229,40015,藍色藥水,1,1,50000
45229,40017,翡翠藥水,1,1,150000
45229,40074,對盔甲施法的卷軸,1,1,5000
45229,40087,對武器施法的卷軸,1,1,5000
45229,40172,魔法書(壞物術),1,1,5000
45229,40232,精靈水晶(魔法防禦),1,1,5000
45229,40253,精靈水晶(水之元氣),1,1,500
45229,40255,精靈水晶(生命的祝福),1,1,50
45229,40306,伊娃之石,1,1,10000
45229,40308,金幣,56,214,1000000
45229,40458,光明的鱗片,1,1,25000
45229,140100,瞬間移動卷軸,1,1,100000
45230,40017,翡翠藥水,1,1,50000
45230,40087,對武器施法的卷軸,1,1,10000
45230,40088,變形卷軸,1,1,10000
45230,40100,瞬間移動卷軸,1,1,10000
45230,40172,魔法書(壞物術),1,1,10000
45230,40236,精靈水晶(屬性防禦),1,1,10000
45230,40255,精靈水晶(生命的祝福),1,1,1000
45230,40306,伊娃之石,1,1,10000
45230,40308,金幣,87,150,1000000
45230,40458,光明的鱗片,1,1,10000
45230,140088,變形卷軸,1,1,10000
45231,40014,勇敢藥水,1,1,100000
45231,40015,藍色藥水,1,1,100000
45231,40308,金幣,333,536,1000000
45231,40443,黑色米索莉,1,1,10000
45231,40444,黑色米索莉原石,1,1,10000
45231,40524,黑色血痕,1,1,30000
45231,40678,靈魂石碎片,1,1,10000
45233,38,拉斯塔巴德長劍,1,1,5000
45233,20102,拉斯塔巴德皮盔甲,1,1,1000
45233,20199,拉斯塔巴德長靴,1,1,5000
45233,40013,自我加速藥水,1,1,50000
45233,40016,慎重藥水,1,1,50000
45233,40074,對盔甲施法的卷軸,1,1,10000
45233,40087,對武器施法的卷軸,1,1,10000
45233,40119,解除咀咒的卷軸,1,1,50000
45233,40200,魔法書(狂暴術),1,1,10000
45233,40266,黑暗精靈水晶(附加劇毒),1,1,10000
45233,40269,黑暗精靈水晶(力量提升),1,1,10000
45233,40271,黑暗精靈水晶(燃燒鬥志),1,1,10000
45233,40272,黑暗精靈水晶(暗黑盲咒),1,1,10000
45233,40308,金幣,94,162,1000000
45233,40429,大洞穴卷軸碎片,1,1,50000
45233,40444,黑色米索莉原石,1,1,10000
45233,40524,黑色血痕,1,1,10000
45233,40899,鋼鐵原石,1,1,10000
45233,140100,瞬間移動卷軸,1,1,50000
45235,40013,自我加速藥水,1,1,100000
45235,40074,對盔甲施法的卷軸,1,1,10000
45235,40100,瞬間移動卷軸,1,1,100000
45235,40304,馬普勒之石,1,1,10000
45235,40308,金幣,102,173,1000000
45237,40012,終極治癒藥水,1,1,50000
45237,40014,勇敢藥水,1,1,50000
45237,40015,藍色藥水,1,1,50000
45237,40016,慎重藥水,1,1,50000
45237,40018,強化 綠色藥水,1,1,50000
45237,40187,魔法書(體魄強健術),1,1,10000
45237,40197,魔法書(神聖疾走),1,1,5000
45237,40307,沙哈之石,1,1,10000
45237,40308,金幣,102,173,1000000
45237,40424,狼皮,1,1,50000
45237,49134,記憶水晶(疼痛的歡愉),1,1,200
45237,140100,瞬間移動卷軸,1,1,100000
45238,10,小武士刀,1,1,5000
45238,176,拉斯塔巴德弓,1,1,5000
45238,20102,拉斯塔巴德皮盔甲,1,1,1000
45238,20199,拉斯塔巴德長靴,1,1,5000
45238,40013,自我加速藥水,1,1,100000
45238,40016,慎重藥水,1,1,50000
45238,40100,瞬間移動卷軸,1,1,100000
45238,40119,解除咀咒的卷軸,1,1,100000
45238,40432,狄亞得卷軸碎片,1,1,50000
45238,40444,黑色米索莉原石,1,1,10000
45238,40524,黑色血痕,1,1,10000
45239,20188,藍海賊手套,1,1,5000
45239,20425,詛咒的綠色耳環,1,1,1000
45239,40013,自我加速藥水,1,1,100000
45239,40046,藍寶石,1,1,10000
45239,40088,變形卷軸,1,1,50000
45239,40100,瞬間移動卷軸,1,1,100000
45239,40306,伊娃之石,1,1,10000
45239,40308,金幣,102,173,1000000
45239,40663,兒子的信,1,1,10000
45239,40714,藍尾蜥蜴之皮,1,1,10000
45239,140329,原住民圖騰,1,1,10000
45240,40014,勇敢藥水,1,1,100000
45240,40183,魔法書(冰錐),1,1,10000
45240,40189,魔法書(魔法相消術),1,1,10000
45240,40247,精靈水晶(大地防護),1,1,10000
45240,40253,精靈水晶(水之元氣),1,1,10000
45240,40254,精靈水晶(生命之泉),1,1,10000
45240,40306,伊娃之石,1,1,10000
45240,40308,金幣,102,173,1000000
45240,40601,龍龜甲,1,1,100000
45240,49042,龍龜蛋,1,1,0
45240,140100,瞬間移動卷軸,1,1,100000
45241,125,巫術魔法杖,1,1,1000
45241,40014,勇敢藥水,1,1,100000
45241,40045,紅寶石,1,1,50000
45241,40049,品質紅寶石,1,1,10000
45241,40053,高品質紅寶石,1,1,10000
45241,40170,魔法書(燃燒的火球),1,1,10000
45241,40172,魔法書(壞物術),1,1,10000
45241,40213,魔法書(聖結界),1,1,1000
45241,40256,精靈水晶(火焰武器),1,1,10000
45241,40305,帕格里奧之石,1,1,10000
45241,40308,金幣,102,173,1000000
45241,40524,黑色血痕,1,1,10000
45241,49105,龍騎士書板(岩漿噴吐),1,1,10000
45241,140100,瞬間移動卷軸,1,1,100000
45243,40306,伊娃之石,1,1,10000
45243,40308,金幣,94,162,1000000
45244,40013,自我加速藥水,1,1,100000
45244,40016,慎重藥水,1,1,50000
45244,40074,對盔甲施法的卷軸,1,1,10000
45244,40087,對武器施法的卷軸,1,1,10000
45244,40100,瞬間移動卷軸,1,1,100000
45244,40119,解除咀咒的卷軸,1,1,100000
45244,40213,魔法書(聖結界),1,1,1000
45244,40223,魔法書(絕對屏障),1,1,100
45244,40265,黑暗精靈水晶(暗隱術),1,1,10000
45244,40266,黑暗精靈水晶(附加劇毒),1,1,10000
45244,40267,黑暗精靈水晶(影之防護),1,1,10000
45244,40271,黑暗精靈水晶(燃燒鬥志),1,1,10000
45244,40272,黑暗精靈水晶(暗黑盲咒),1,1,10000
45244,40273,黑暗精靈水晶(毒性抵抗),1,1,10000
45244,40275,黑暗精靈水晶(雙重破壞),1,1,10000
45244,40277,黑暗精靈水晶(暗影之牙),1,1,10000
45244,40278,黑暗精靈水晶(會心一擊),1,1,10000
45244,40308,金幣,109,186,1000000
45244,40470,原石碎片,1,1,100000
45245,40013,自我加速藥水,1,1,100000
45245,40016,慎重藥水,1,1,50000
45245,40074,對盔甲施法的卷軸,1,1,10000
45245,40087,對武器施法的卷軸,1,1,10000
45245,40100,瞬間移動卷軸,1,1,100000
45245,40119,解除咀咒的卷軸,1,1,100000
45245,40213,魔法書(聖結界),1,1,1000
45245,40216,魔法書(藥水霜化術),1,1,5000
45245,40223,魔法書(絕對屏障),1,1,100
45245,40265,黑暗精靈水晶(暗隱術),1,1,10000
45245,40266,黑暗精靈水晶(附加劇毒),1,1,10000
45245,40267,黑暗精靈水晶(影之防護),1,1,10000
45245,40271,黑暗精靈水晶(燃燒鬥志),1,1,10000
45245,40272,黑暗精靈水晶(暗黑盲咒),1,1,10000
45245,40273,黑暗精靈水晶(毒性抵抗),1,1,10000
45245,40275,黑暗精靈水晶(雙重破壞),1,1,10000
45245,40277,黑暗精靈水晶(暗影之牙),1,1,10000
45245,40278,黑暗精靈水晶(會心一擊),1,1,10000
45245,40430,大洞穴水晶,1,1,50000
45245,40432,狄亞得卷軸碎片,1,1,50000
45245,40444,黑色米索莉原石,1,1,10000
45245,40465,精靈使戒指,1,1,5000
45245,40524,黑色血痕,1,1,10000
45246,40011,強力治癒藥水,1,1,50000
45246,40013,自我加速藥水,1,1,50000
45246,40074,對盔甲施法的卷軸,1,1,5000
45246,40308,金幣,109,186,1000000
45246,40433,犰狳之爪,1,1,50000
45246,40434,犰狳的尾巴,1,1,50000
45246,49126,記憶水晶(立方：地裂),1,1,400
45247,43,海賊彎刀,1,1,10000
45247,20013,敏捷魔法頭盔,1,1,5000
45247,20423,詛咒的紅色耳環,1,1,1000
45247,20424,詛咒的藍色耳環,1,1,1000
45247,40018,強化 綠色藥水,1,1,10000
45247,40047,綠寶石,1,1,10000
45247,40051,品質綠寶石,1,1,10000
45247,40088,變形卷軸,1,1,100000
45247,40304,馬普勒之石,1,1,10000
45247,40308,金幣,109,186,1000000
45247,40330,無限箭筒,1,1,10000
45247,40471,精靈碎片,1,1,10000
45247,220293,受詛咒的鑽石戒指,1,1,10000
45247,220296,受詛咒的綠寶石戒指,1,1,10000
45248,2,骰子匕首,1,1,1000
45248,52,雙手劍,1,1,500
45248,64,巨劍,1,1,1000
45248,20122,鱗甲,1,1,1000
45248,20149,青銅盔甲,1,1,5000
45248,20182,手套,1,1,5000
45248,40013,自我加速藥水,1,1,100000
45248,40014,勇敢藥水,1,1,50000
45248,40018,強化 綠色藥水,1,1,50000
45248,40074,對盔甲施法的卷軸,1,1,5000
45248,40087,對武器施法的卷軸,1,1,5000
45248,40164,技術書(衝擊之暈),1,1,500
45248,40165,技術書(增幅防禦),1,1,500
45248,40308,金幣,80,350,1000000
45249,20188,藍海賊手套,1,1,5000
45249,20425,詛咒的綠色耳環,1,1,1000
45249,40016,慎重藥水,1,1,50000
45249,40047,綠寶石,1,1,10000
45249,40079,傳送回家的卷軸,1,1,100000
45249,40088,變形卷軸,1,1,100000
45249,40307,沙哈之石,1,1,10000
45249,40308,金幣,109,186,1000000
45249,40631,萊斯塔的戒指,1,1,10000
45249,49043,奇異鸚鵡肉,1,1,0
45249,140329,原住民圖騰,1,1,10000
45251,39,短刀,1,1,5000
45251,20060,藍海賊斗篷,1,1,5000
45251,20423,詛咒的紅色耳環,1,1,1000
45251,40011,強力治癒藥水,1,1,100000
45251,40044,鑽石,1,1,10000
45251,40079,傳送回家的卷軸,1,1,100000
45251,40307,沙哈之石,1,1,10000
45251,40308,金幣,102,173,1000000
45251,40471,精靈碎片,1,1,10000
45251,220293,受詛咒的鑽石戒指,1,1,10000
45251,220294,受詛咒的紅寶石戒指,1,1,10000
45251,220295,受詛咒的藍寶石戒指,1,1,10000
45252,40013,自我加速藥水,1,1,100000
45252,40014,勇敢藥水,1,1,50000
45252,40056,肉,1,1,100000
45252,40074,對盔甲施法的卷軸,1,1,10000
45252,40087,對武器施法的卷軸,1,1,10000
45252,40100,瞬間移動卷軸,1,1,100000
45252,40119,解除咀咒的卷軸,1,1,100000
45252,40193,魔法書(祝福魔法武器),1,1,10000
45252,40221,魔法書(集體緩速術),1,1,5000
45252,40304,馬普勒之石,1,1,10000
45252,40308,金幣,118,198,1000000
45252,41275,熊肉,1,1,0
45253,101,拉斯塔巴德矛,1,1,5000
45253,20104,拉斯塔巴德銀釘皮盔甲,1,1,5000
45253,20224,拉斯塔巴德圓盾,1,1,500
45253,40013,自我加速藥水,1,1,50000
45253,40016,慎重藥水,1,1,50000
45253,40074,對盔甲施法的卷軸,1,1,10000
45253,40087,對武器施法的卷軸,1,1,10000
45253,40119,解除咀咒的卷軸,1,1,50000
45253,40308,金幣,118,198,1000000
45253,40429,大洞穴卷軸碎片,1,1,50000
45253,40444,黑色米索莉原石,1,1,10000
45253,40524,黑色血痕,1,1,10000
45253,40899,鋼鐵原石,1,1,10000
45253,140100,瞬間移動卷軸,1,1,50000
45254,188,拉斯塔巴德重十字弓,1,1,5000
45254,40013,自我加速藥水,1,1,100000
45254,40016,慎重藥水,1,1,50000
45254,40074,對盔甲施法的卷軸,1,1,10000
45254,40087,對武器施法的卷軸,1,1,10000
45254,40100,瞬間移動卷軸,1,1,100000
45254,40119,解除咀咒的卷軸,1,1,100000
45254,40197,魔法書(神聖疾走),1,1,5000
45254,40266,黑暗精靈水晶(附加劇毒),1,1,10000
45254,40271,黑暗精靈水晶(燃燒鬥志),1,1,10000
45254,40273,黑暗精靈水晶(毒性抵抗),1,1,10000
45254,40308,金幣,118,198,1000000
45254,40427,黑暗妖精袋子,1,1,50000
45254,40444,黑色米索莉原石,1,1,10000
45254,40524,黑色血痕,1,1,5000
45254,40899,鋼鐵原石,1,1,10000
45256,122,拉斯塔巴德魔杖,1,1,5000
45256,20103,拉斯塔巴德長袍,1,1,5000
45256,40011,強力治癒藥水,1,1,100000
45256,40013,自我加速藥水,1,1,100000
45256,40015,藍色藥水,1,1,100000
45256,40016,慎重藥水,1,1,50000
45256,40100,瞬間移動卷軸,1,1,50000
45256,40119,解除咀咒的卷軸,1,1,50000
45256,40274,黑暗精靈水晶(敏捷提升),1,1,10000
45256,40432,狄亞得卷軸碎片,1,1,50000
45256,40444,黑色米索莉原石,1,1,10000
45256,40524,黑色血痕,1,1,10000
45257,40013,自我加速藥水,1,1,300000
45257,40018,強化 綠色藥水,1,1,100000
45257,40100,瞬間移動卷軸,1,1,100000
45257,40173,魔法書(吸血鬼之吻),1,1,5000
45257,40188,魔法書(加速術),1,1,2500
45257,40244,精靈水晶(封印禁地),1,1,100
45257,40264,精靈水晶(風之枷鎖),1,1,2500
45257,40307,沙哈之石,1,1,10000
45257,40308,金幣,60,300,1000000
45257,140074,對盔甲施法的卷軸,1,1,250
45257,140087,對武器施法的卷軸,1,1,250
45258,40011,強力治癒藥水,1,1,50000
45258,40013,自我加速藥水,1,1,100000
45258,40016,慎重藥水,1,1,50000
45258,40087,對武器施法的卷軸,1,1,10000
45258,40089,復活卷軸,1,1,50000
45258,40308,金幣,118,198,1000000
45259,20013,敏捷魔法頭盔,1,1,5000
45259,40013,自我加速藥水,1,1,100000
45259,40014,勇敢藥水,1,1,50000
45259,40018,強化 綠色藥水,1,1,50000
45259,40091,空的魔法卷軸(等級2),1,1,10000
45259,40179,魔法書(極道落雷),1,1,1000
45259,40189,魔法書(魔法相消術),1,1,1000
45259,40207,魔法書(震裂術),1,1,500
45259,40247,精靈水晶(大地防護),1,1,1000
45259,40273,黑暗精靈水晶(毒性抵抗),1,1,1000
45259,40305,帕格里奧之石,1,1,10000
45259,40308,金幣,60,150,1000000
45259,49044,毒蠍肉,1,1,0
45259,49128,記憶水晶(幻想),1,1,300
45259,140100,瞬間移動卷軸,1,1,100000
45260,20013,敏捷魔法頭盔,1,1,10000
45260,40013,自我加速藥水,1,1,100000
45260,40091,空的魔法卷軸(等級2),1,1,10000
45260,40179,魔法書(極道落雷),1,1,10000
45260,40189,魔法書(魔法相消術),1,1,10000
45260,40207,魔法書(震裂術),1,1,10000
45260,40247,精靈水晶(大地防護),1,1,10000
45260,40273,黑暗精靈水晶(毒性抵抗),1,1,10000
45260,40305,帕格里奧之石,1,1,10000
45260,40308,金幣,118,198,1000000
45260,40459,毒蠍之皮,1,1,50000
45262,40014,勇敢藥水,1,1,50000
45262,40183,魔法書(冰錐),1,1,10000
45262,40189,魔法書(魔法相消術),1,1,10000
45262,40247,精靈水晶(大地防護),1,1,10000
45262,40253,精靈水晶(水之元氣),1,1,10000
45262,40254,精靈水晶(生命之泉),1,1,10000
45262,40306,伊娃之石,1,1,10000
45262,40308,金幣,118,198,1000000
45262,49042,龍龜蛋,1,1,0
45262,140100,瞬間移動卷軸,1,1,100000
45263,40010,治癒藥水,1,1,800000
45263,40011,強力治癒藥水,1,1,500000
45263,40012,終極治癒藥水,1,1,300000
45263,40188,魔法書(加速術),1,1,10000
45263,40191,魔法書(烈炎術),1,1,10000
45263,40211,魔法書(沉睡之霧),1,1,10000
45263,40305,帕格里奧之石,1,1,10000
45263,40308,金幣,118,198,1000000
45263,40486,火山灰,1,1,30000
45263,140100,瞬間移動卷軸,1,1,100000
45264,40015,藍色藥水,1,1,100000
45264,40087,對武器施法的卷軸,1,1,10000
45264,40173,魔法書(吸血鬼之吻),1,1,10000
45264,40178,魔法書(木乃伊的詛咒),1,1,10000
45264,40188,魔法書(加速術),1,1,10000
45264,40197,魔法書(神聖疾走),1,1,1000
45264,40199,魔法書(強力加速術),1,1,10000
45264,40237,精靈水晶(釋放元素),1,1,10000
45264,40261,精靈水晶(風之疾走),1,1,10000
45264,40262,精靈水晶(暴風之眼),1,1,10000
45264,40264,精靈水晶(風之枷鎖),1,1,10000
45264,40272,黑暗精靈水晶(暗黑盲咒),1,1,10000
45264,40307,沙哈之石,1,1,10000
45264,40308,金幣,118,198,1000000
45264,49123,記憶水晶(心靈破壞),1,1,200
45264,49126,記憶水晶(立方：地裂),1,1,70
45264,120101,皮甲,1,1,10000
45264,140087,對武器施法的卷軸,1,1,1000
45264,140100,瞬間移動卷軸,1,1,100000
45265,170,精靈弓,1,1,1000
45265,20073,精靈斗篷,1,1,5000
45265,20139,精靈護胸金屬板,1,1,5000
45265,20210,黑暗長靴,1,1,10000
45265,40015,藍色藥水,1,1,10000
45265,40068,精靈餅乾,1,1,10000
45265,40198,魔法書(龍捲風),1,1,10000
45265,40205,魔法書(隱身術),1,1,1000
45265,40237,精靈水晶(釋放元素),1,1,10000
45265,40260,精靈水晶(風之神射),1,1,10000
45265,40262,精靈水晶(暴風之眼),1,1,10000
45265,40308,金幣,126,212,1000000
45265,40498,風之淚,1,1,10000
45265,40524,黑色血痕,1,1,10000
45265,40746,米索莉箭,30,100,100000
45267,40012,終極治癒藥水,1,1,100000
45267,40013,自我加速藥水,1,1,100000
45267,40018,強化 綠色藥水,1,1,100000
45267,40056,肉,1,1,300000
45267,40306,伊娃之石,1,1,10000
45267,40308,金幣,126,212,1000000
45269,40013,自我加速藥水,1,1,100000
45269,40018,強化 綠色藥水,1,1,50000
45269,40171,魔法書(通暢氣脈術),1,1,2500
45269,40181,魔法書(迷魅術),1,1,1000
45269,40247,精靈水晶(大地防護),1,1,1000
45269,40273,黑暗精靈水晶(毒性抵抗),1,1,1000
45269,40308,金幣,70,210,1000000
45269,100098,闊矛,1,1,50000
45269,120043,鋼盔,1,1,50000
45270,40013,自我加速藥水,1,1,50000
45270,40018,強化 綠色藥水,1,1,25000
45270,40171,魔法書(通暢氣脈術),1,1,2500
45270,40181,魔法書(迷魅術),1,1,1000
45270,40260,精靈水晶(風之神射),1,1,1000
45270,40271,黑暗精靈水晶(燃燒鬥志),1,1,1000
45270,40277,黑暗精靈水晶(暗影之牙),1,1,1000
45270,40308,金幣,70,210,1000000
45270,100172,弓,1,1,50000
45271,40013,自我加速藥水,1,1,100000
45271,40014,勇敢藥水,1,1,100000
45271,40074,對盔甲施法的卷軸,1,1,10000
45271,40087,對武器施法的卷軸,1,1,10000
45271,40100,瞬間移動卷軸,1,1,100000
45271,40119,解除咀咒的卷軸,1,1,100000
45271,40193,魔法書(祝福魔法武器),1,1,10000
45271,40200,魔法書(狂暴術),1,1,10000
45271,40223,魔法書(絕對屏障),1,1,100
45271,40224,魔法書(靈魂昇華),1,1,100
45271,40241,精靈水晶(弱化屬性),1,1,10000
45271,40258,精靈水晶(烈炎武器),1,1,10000
45271,40265,黑暗精靈水晶(暗隱術),1,1,10000
45271,40266,黑暗精靈水晶(附加劇毒),1,1,10000
45271,40267,黑暗精靈水晶(影之防護),1,1,10000
45271,40271,黑暗精靈水晶(燃燒鬥志),1,1,10000
45271,40272,黑暗精靈水晶(暗黑盲咒),1,1,10000
45271,40275,黑暗精靈水晶(雙重破壞),1,1,10000
45271,40277,黑暗精靈水晶(暗影之牙),1,1,10000
45271,40278,黑暗精靈水晶(會心一擊),1,1,10000
45271,40308,金幣,135,225,1000000
45271,40470,原石碎片,1,1,100000
45272,9,奧里哈魯根短劍,1,1,1000
45272,187,拉斯塔巴德十字弓,1,1,5000
45272,20102,拉斯塔巴德皮盔甲,1,1,1000
45272,40013,自我加速藥水,1,1,100000
45272,40016,慎重藥水,1,1,100000
45272,40074,對盔甲施法的卷軸,1,1,10000
45272,40087,對武器施法的卷軸,1,1,10000
45272,40100,瞬間移動卷軸,1,1,100000
45272,40119,解除咀咒的卷軸,1,1,100000
45272,40197,魔法書(神聖疾走),1,1,5000
45272,40216,魔法書(藥水霜化術),1,1,5000
45272,40265,黑暗精靈水晶(暗隱術),1,1,10000
45272,40266,黑暗精靈水晶(附加劇毒),1,1,10000
45272,40272,黑暗精靈水晶(暗黑盲咒),1,1,10000
45272,40278,黑暗精靈水晶(會心一擊),1,1,10000
45272,40279,黑暗精靈水晶(閃避提升),1,1,10000
45272,40432,狄亞得卷軸碎片,1,1,50000
45272,40444,黑色米索莉原石,1,1,10000
45272,40524,黑色血痕,1,1,10000
45272,40746,米索莉箭,30,100,10000
45273,40011,強力治癒藥水,1,1,100000
45273,40012,終極治癒藥水,1,1,50000
45273,40014,勇敢藥水,1,1,50000
45273,40016,慎重藥水,1,1,50000
45273,40435,深淵之花的花苞,1,1,5000
45273,40436,深淵之花的根,1,1,5000
45273,40437,深淵花枝條,1,1,50000
45274,43,海賊彎刀,1,1,10000
45274,20424,詛咒的藍色耳環,1,1,1000
45274,40018,強化 綠色藥水,1,1,10000
45274,40046,藍寶石,1,1,10000
45274,40050,品質藍寶石,1,1,10000
45274,40088,變形卷軸,1,1,100000
45274,40306,伊娃之石,1,1,10000
45274,40308,金幣,135,225,1000000
45274,40330,無限箭筒,1,1,10000
45274,40471,精靈碎片,1,1,10000
45274,40744,銀箭,10,30,100000
45274,220293,受詛咒的鑽石戒指,1,1,10000
45274,220296,受詛咒的綠寶石戒指,1,1,10000
45275,40006,松木魔杖,1,1,100
45275,40012,終極治癒藥水,1,1,100000
45275,40013,自我加速藥水,1,1,100000
45275,40014,勇敢藥水,1,1,50000
45275,40074,對盔甲施法的卷軸,1,1,10000
45275,40308,金幣,135,225,1000000
45275,40410,黑暗安特的樹皮,1,1,1000
45275,40411,黑暗安特的水果,1,1,1000
45275,40412,黑暗安特的樹枝,1,1,1000
45276,40010,治癒藥水,1,1,100000
45276,40011,強力治癒藥水,1,1,100000
45276,40013,自我加速藥水,1,1,50000
45276,40308,金幣,153,254,1000000
45277,20013,敏捷魔法頭盔,1,1,10000
45277,40013,自我加速藥水,1,1,100000
45277,40091,空的魔法卷軸(等級2),1,1,10000
45277,40179,魔法書(極道落雷),1,1,10000
45277,40189,魔法書(魔法相消術),1,1,10000
45277,40207,魔法書(震裂術),1,1,10000
45277,40247,精靈水晶(大地防護),1,1,10000
45277,40273,黑暗精靈水晶(毒性抵抗),1,1,10000
45277,40305,帕格里奧之石,1,1,10000
45277,40308,金幣,135,225,1000000
45277,40459,毒蠍之皮,1,1,50000
45278,143,戰斧,1,1,30000
45278,145,狂戰士斧,1,1,5000
45278,148,巨斧,1,1,5000
45278,20015,力量魔法頭盔,1,1,10000
45278,20115,藤甲,1,1,5000
45278,20317,歐吉皮帶,1,1,1000
45278,40014,勇敢藥水,1,1,100000
45278,40074,對盔甲施法的卷軸,1,1,10000
45278,40087,對武器施法的卷軸,1,1,10000
45278,40271,黑暗精靈水晶(燃燒鬥志),1,1,10000
45278,40308,金幣,135,225,1000000
45278,40513,食人巨魔的血,1,1,1000
45279,40007,烏木魔杖,1,1,5000
45279,40014,勇敢藥水,1,1,50000
45279,40015,藍色藥水,1,1,50000
45279,40074,對盔甲施法的卷軸,1,1,10000
45279,40179,魔法書(極道落雷),1,1,10000
45279,40183,魔法書(冰錐),1,1,10000
45279,40196,魔法書(召喚術),1,1,5000
45279,40204,魔法書(冰雪暴),1,1,10000
45279,40210,魔法書(雷霆風暴),1,1,1000
45279,40225,魔法書(冰雪颶風),1,1,1000
45279,40254,精靈水晶(生命之泉),1,1,10000
45279,40306,伊娃之石,1,1,10000
45279,40308,金幣,205,336,1000000
45279,140100,瞬間移動卷軸,1,1,100000
45280,143,戰斧,1,1,10000
45280,145,狂戰士斧,1,1,5000
45280,148,巨斧,1,1,5000
45280,20014,治癒魔法頭盔,1,1,10000
45280,20015,力量魔法頭盔,1,1,10000
45280,20115,藤甲,1,1,5000
45280,20321,多羅皮帶,1,1,1000
45280,40014,勇敢藥水,1,1,50000
45280,40019,濃縮體力恢復劑,1,1,100000
45280,40020,濃縮強力體力恢復劑,1,1,100000
45280,40021,濃縮終極體力恢復劑,1,1,100000
45280,40180,魔法書(高級治癒術),1,1,50000
45280,40186,魔法書(造屍術),1,1,10000
45280,40194,魔法書(體力回復術),1,1,10000
45280,40202,魔法書(全部治癒術),1,1,10000
45280,40304,馬普勒之石,1,1,10000
45280,40308,金幣,135,225,1000000
45280,220115,藤甲,1,1,5000
45281,136,斧,1,1,5000
45281,139,弗萊爾,1,1,5000
45281,20280,滅魔戒指,1,1,1000
45281,40007,烏木魔杖,1,1,5000
45281,40013,自我加速藥水,1,1,50000
45281,40014,勇敢藥水,1,1,50000
45281,40015,藍色藥水,1,1,50000
45281,40016,慎重藥水,1,1,50000
45281,40053,高品質紅寶石,1,1,10000
45281,40074,對盔甲施法的卷軸,1,1,10000
45281,40087,對武器施法的卷軸,1,1,10000
45281,40119,解除咀咒的卷軸,1,1,50000
45281,40304,馬普勒之石,1,1,10000
45281,40308,金幣,135,225,1000000
45281,40317,磨刀石,1,1,100000
45281,40496,粗糙的米索莉塊,1,1,50000
45281,49130,記憶水晶(幻覺：鑽石高崙),1,1,300
45282,20303,抗魔戒指,1,1,10000
45282,40056,肉,1,1,100000
45282,40307,沙哈之石,1,1,10000
45282,40308,金幣,135,225,1000000
45283,125,巫術魔法杖,1,1,1000
45283,40014,勇敢藥水,1,1,50000
45283,40045,紅寶石,1,1,10000
45283,40049,品質紅寶石,1,1,10000
45283,40053,高品質紅寶石,1,1,1000
45283,40100,瞬間移動卷軸,1,1,50000
45283,40170,魔法書(燃燒的火球),1,1,10000
45283,40172,魔法書(壞物術),1,1,10000
45283,40213,魔法書(聖結界),1,1,1000
45283,40256,精靈水晶(火焰武器),1,1,10000
45283,40305,帕格里奧之石,1,1,10000
45283,40308,金幣,126,212,1000000
45283,40524,黑色血痕,1,1,10000
45284,31,長劍,1,1,1000
45284,20043,鋼盔,1,1,2500
45284,20101,皮甲,1,1,5000
45284,20242,大盾牌,1,1,5000
45284,40010,治癒藥水,1,1,800000
45284,40011,強力治癒藥水,1,1,500000
45284,40012,終極治癒藥水,1,1,300000
45284,40013,自我加速藥水,1,1,50000
45284,40014,勇敢藥水,1,1,50000
45284,40018,強化 綠色藥水,1,1,50000
45284,40191,魔法書(烈炎術),1,1,10000
45284,40215,魔法書(火風暴),1,1,1000
45284,40256,精靈水晶(火焰武器),1,1,5000
45284,40257,精靈水晶(烈炎氣息),1,1,2500
45284,40308,金幣,50,250,1000000
45284,40486,火山灰,1,1,30000
45285,40014,勇敢藥水,1,1,50000
45285,40017,翡翠藥水,1,1,100000
45285,40074,對盔甲施法的卷軸,1,1,10000
45285,40087,對武器施法的卷軸,1,1,10000
45285,40183,魔法書(冰錐),1,1,10000
45285,40185,魔法書(黑闇之影),1,1,10000
45285,40306,伊娃之石,1,1,10000
45285,40308,金幣,265,429,1000000
45285,49260,奎斯坦修的螯,1,1,0
45286,40013,自我加速藥水,1,1,300000
45286,40018,強化 綠色藥水,1,1,100000
45286,40171,魔法書(通暢氣脈術),1,1,2000
45286,40188,魔法書(加速術),1,1,1000
45286,40256,精靈水晶(火焰武器),1,1,1000
45286,40308,金幣,70,210,1000000
45286,100143,戰斧,1,1,10000
45286,120056,抗魔法斗篷,1,1,50000
45286,120242,大盾牌,1,1,2500
45287,101,拉斯塔巴德矛,1,1,5000
45287,20102,拉斯塔巴德皮盔甲,1,1,1000
45287,20224,拉斯塔巴德圓盾,1,1,500
45287,40013,自我加速藥水,1,1,100000
45287,40015,藍色藥水,1,1,50000
45287,40074,對盔甲施法的卷軸,1,1,10000
45287,40087,對武器施法的卷軸,1,1,10000
45287,40100,瞬間移動卷軸,1,1,100000
45287,40119,解除咀咒的卷軸,1,1,100000
45287,40267,黑暗精靈水晶(影之防護),1,1,10000
45287,40271,黑暗精靈水晶(燃燒鬥志),1,1,10000
45287,40277,黑暗精靈水晶(暗影之牙),1,1,10000
45287,40308,金幣,153,254,1000000
45287,40427,黑暗妖精袋子,1,1,50000
45287,40444,黑色米索莉原石,1,1,10000
45287,40524,黑色血痕,1,1,10000
45287,40899,鋼鐵原石,1,1,10000
45289,20063,保護者斗篷,1,1,3000
45289,40015,藍色藥水,1,1,50000
45289,40074,對盔甲施法的卷軸,1,1,50000
45289,40079,傳送回家的卷軸,1,1,300000
45289,40087,對武器施法的卷軸,1,1,50000
45289,40088,變形卷軸,1,1,100000
45289,40119,解除咀咒的卷軸,1,1,300000
45289,40174,魔法書(緩速術),1,1,10000
45289,40180,魔法書(高級治癒術),1,1,10000
45289,40182,魔法書(聖潔之光),1,1,10000
45289,40304,馬普勒之石,1,1,10000
45289,49046,蜘蛛腿肉,1,1,0
45289,49126,記憶水晶(立方：地裂),1,1,500
45289,140074,對盔甲施法的卷軸,1,1,10000
45289,140087,對武器施法的卷軸,1,1,10000
45290,40025,黑色藥水,1,1,300000
45290,40308,金幣,153,254,1000000
45291,169,獵人之弓,1,1,5000
45291,20096,環甲,1,1,1000
45291,20205,長靴,1,1,10000
45291,40010,治癒藥水,1,1,800000
45291,40011,強力治癒藥水,1,1,500000
45291,40012,終極治癒藥水,1,1,300000
45291,40171,魔法書(通暢氣脈術),1,1,5000
45291,40174,魔法書(緩速術),1,1,5000
45291,40191,魔法書(烈炎術),1,1,5000
45291,40240,精靈水晶(三重矢),1,1,5000
45291,40256,精靈水晶(火焰武器),1,1,5000
45291,40257,精靈水晶(烈炎氣息),1,1,2500
45291,40305,帕格里奧之石,1,1,10000
45291,40308,金幣,50,250,1000000
45291,40486,火山灰,1,1,30000
45291,120043,鋼盔,1,1,50000
45292,40554,秘密名單,1,1,1000000
45293,101,拉斯塔巴德矛,1,1,5000
45293,40614,礦物收集文件,1,1,10000
45294,102,露西錘,1,1,1000
45294,20174,雪人手套,1,1,10000
45294,40010,治癒藥水,1,1,300000
45294,40014,勇敢藥水,1,1,100000
45294,40018,強化 綠色藥水,1,1,50000
45294,40253,精靈水晶(水之元氣),1,1,10000
45294,40306,伊娃之石,1,1,10000
45294,40308,金幣,153,254,1000000
45294,41263,太陽花籽,1,1,0
45294,49225,雪怪之心,1,1,100000
45295,137,亞連,1,1,5000
45295,138,木棒,1,1,5000
45295,143,戰斧,1,1,5000
45295,145,狂戰士斧,1,1,1000
45295,20306,小型身體腰帶,1,1,1000
45295,20307,小型靈魂腰帶,1,1,1000
45295,20308,小型精神腰帶,1,1,1000
45295,20312,身體腰帶,1,1,1000
45295,20316,靈魂腰帶,1,1,1000
45295,20319,精神腰帶,1,1,1000
45295,40252,精靈水晶(體能激發),1,1,10000
45295,40304,馬普勒之石,1,1,10000
45295,40308,金幣,173,285,1000000
45295,49135,記憶水晶(幻覺：化身),1,1,200
45296,40308,金幣,153,254,1000000
45296,40497,米索莉金屬板,1,1,10000
45296,40509,奧里哈魯根金屬板,1,1,10000
45297,20177,地靈手套,1,1,5000
45297,20306,小型身體腰帶,1,1,10000
45297,20312,身體腰帶,1,1,10000
45297,40013,自我加速藥水,1,1,100000
45297,40018,強化 綠色藥水,1,1,50000
45297,40048,品質鑽石,1,1,10000
45297,40049,品質紅寶石,1,1,10000
45297,40050,品質藍寶石,1,1,10000
45297,40253,精靈水晶(水之元氣),1,1,10000
45297,40306,伊娃之石,1,1,10000
45297,40308,金幣,153,254,1000000
45298,138,木棒,1,1,10000
45298,143,戰斧,1,1,5000
45298,145,狂戰士斧,1,1,1000
45298,148,巨斧,1,1,1000
45298,20015,力量魔法頭盔,1,1,10000
45298,20101,皮甲,1,1,10000
45298,20115,藤甲,1,1,5000
45298,40014,勇敢藥水,1,1,50000
45298,40015,藍色藥水,1,1,50000
45298,40074,對盔甲施法的卷軸,1,1,10000
45298,40087,對武器施法的卷軸,1,1,10000
45298,40170,魔法書(燃燒的火球),1,1,10000
45298,40172,魔法書(壞物術),1,1,10000
45298,40182,魔法書(聖潔之光),1,1,10000
45298,40201,魔法書(疾病術),1,1,10000
45298,40237,精靈水晶(釋放元素),1,1,10000
45298,40241,精靈水晶(弱化屬性),1,1,10000
45298,40257,精靈水晶(烈炎氣息),1,1,10000
45298,40308,金幣,153,254,1000000
45298,49112,龍騎士書板(致命身軀),1,1,5000
45298,140100,瞬間移動卷軸,1,1,100000
45299,40010,治癒藥水,1,1,100000
45299,40013,自我加速藥水,1,1,100000
45299,40017,翡翠藥水,1,1,100000
45299,40308,金幣,153,254,1000000
45299,40483,金屬蜈蚣的皮,1,1,10000
45299,40484,金屬蜈蚣的毒液,1,1,10000
45299,40485,金屬蜈蚣的牙,1,1,10000
45300,40548,古代亡靈之袋,1,1,1000000
45301,40602,藍色長笛,1,1,1000000
45302,40528,守護神之袋,1,1,1000000
45307,40010,治癒藥水,1,1,100000
45307,40011,強力治癒藥水,1,1,100000
45307,40014,勇敢藥水,1,1,100000
45307,40015,藍色藥水,1,1,100000
45307,40308,金幣,50,93,1000000
45307,49041,鱷魚肉,1,1,0
45308,20063,保護者斗篷,1,1,5000
45308,40015,藍色藥水,1,1,50000
45308,40088,變形卷軸,1,1,50000
45308,40119,解除咀咒的卷軸,1,1,100000
45308,40174,魔法書(緩速術),1,1,10000
45308,40180,魔法書(高級治癒術),1,1,10000
45308,40182,魔法書(聖潔之光),1,1,10000
45308,40304,馬普勒之石,1,1,10000
45308,40308,金幣,153,254,1000000
45308,40419,巨大莫妮亞蜘蛛絲,1,1,50000
45308,49046,蜘蛛腿肉,1,1,0
45309,40013,自我加速藥水,1,1,100000
45309,40447,黑虎的皮,1,1,10000
45309,40448,黑虎的爪,1,1,10000
45309,40449,黑虎的牙,1,1,10000
45310,40013,自我加速藥水,1,1,100000
45310,40016,慎重藥水,1,1,50000
45310,40074,對盔甲施法的卷軸,1,1,10000
45310,40087,對武器施法的卷軸,1,1,10000
45310,40100,瞬間移動卷軸,1,1,50000
45310,40119,解除咀咒的卷軸,1,1,100000
45310,40265,黑暗精靈水晶(暗隱術),1,1,5000
45310,40266,黑暗精靈水晶(附加劇毒),1,1,5000
45310,40267,黑暗精靈水晶(影之防護),1,1,5000
45310,40271,黑暗精靈水晶(燃燒鬥志),1,1,5000
45310,40272,黑暗精靈水晶(暗黑盲咒),1,1,5000
45310,40273,黑暗精靈水晶(毒性抵抗),1,1,5000
45310,40277,黑暗精靈水晶(暗影之牙),1,1,5000
45310,40278,黑暗精靈水晶(會心一擊),1,1,5000
45310,40308,金幣,109,186,1000000
45311,40013,自我加速藥水,1,1,100000
45311,40014,勇敢藥水,1,1,50000
45311,40027,橘子汁,1,1,100000
45311,40308,金幣,73,129,1000000
45311,40431,鼴鼠的皮,1,1,50000
45311,49106,龍騎士書板(覺醒：安塔瑞斯),1,1,10000
45312,40007,烏木魔杖,1,1,5000
45312,40013,自我加速藥水,1,1,50000
45312,40017,翡翠藥水,1,1,50000
45312,40018,強化 綠色藥水,1,1,50000
45312,40074,對盔甲施法的卷軸,1,1,10000
45312,40087,對武器施法的卷軸,1,1,10000
45312,40090,空的魔法卷軸(等級1),1,1,50000
45312,40091,空的魔法卷軸(等級2),1,1,50000
45312,40092,空的魔法卷軸(等級3),1,1,10000
45312,40093,空的魔法卷軸(等級4),1,1,10000
45312,40174,魔法書(緩速術),1,1,10000
45312,40181,魔法書(迷魅術),1,1,10000
45312,40211,魔法書(沉睡之霧),1,1,10000
45312,40213,魔法書(聖結界),1,1,1000
45312,40304,馬普勒之石,1,1,10000
45312,40308,金幣,73,129,1000000
45312,49046,蜘蛛腿肉,1,1,0
45312,140100,瞬間移動卷軸,1,1,100000
45313,40056,肉,1,1,100000
45313,40405,皮革,1,1,10000
45314,34,血紅慾望短劍,1,1,1000
45314,20424,詛咒的藍色耳環,1,1,1000
45314,40013,自我加速藥水,1,1,100000
45314,40018,強化 綠色藥水,1,1,50000
45314,40087,對武器施法的卷軸,1,1,10000
45314,40100,瞬間移動卷軸,1,1,100000
45314,40305,帕格里奧之石,1,1,10000
45314,40308,金幣,173,285,1000000
45315,40045,紅寶石,1,3,100000
45315,40046,藍寶石,1,3,100000
45315,40047,綠寶石,1,3,100000
45315,40049,品質紅寶石,1,3,10000
45315,40050,品質藍寶石,1,3,10000
45315,40051,品質綠寶石,1,3,10000
45315,40053,高品質紅寶石,1,1,5000
45315,40054,高品質藍寶石,1,1,5000
45315,40055,高品質綠寶石,1,1,5000
45315,40443,黑色米索莉,1,1,5000
45315,40444,黑色米索莉原石,1,1,100000
45315,40524,黑色血痕,1,1,10000
45315,40718,血石碎片,1,1,100000
45316,41,武士刀,1,1,30000
45316,64,巨劍,1,1,30000
45316,145,狂戰士斧,1,1,30000
45316,20014,治癒魔法頭盔,1,1,50000
45316,20154,金屬盔甲,1,1,100000
45316,20182,手套,1,1,100000
45316,20248,小型精神項鍊,1,1,10000
45316,20267,精神項鍊,1,1,10000
45316,20307,小型靈魂腰帶,1,1,10000
45316,20316,靈魂腰帶,1,1,10000
45316,20320,泰坦皮帶,1,1,1000
45316,40013,自我加速藥水,1,1,300000
45316,40014,勇敢藥水,1,1,300000
45316,40015,藍色藥水,1,1,300000
45316,40016,慎重藥水,1,1,300000
45316,40018,強化 綠色藥水,1,1,300000
45316,40044,鑽石,1,1,300000
45316,40048,品質鑽石,1,1,300000
45316,40052,高品質鑽石,1,1,100000
45316,40074,對盔甲施法的卷軸,1,1,300000
45316,40087,對武器施法的卷軸,1,1,300000
45316,40089,復活卷軸,1,1,300000
45316,40093,空的魔法卷軸(等級4),1,1,300000
45316,40094,空的魔法卷軸(等級5),1,1,300000
45316,40100,瞬間移動卷軸,1,1,300000
45316,40165,技術書(增幅防禦),1,1,50000
45316,40166,技術書(尖刺盔甲),1,1,5000
45316,40175,魔法書(魔法屏障),1,1,50000
45316,40176,魔法書(冥想術),1,1,50000
45316,40184,魔法書(魔力奪取),1,1,50000
45316,40199,魔法書(強力加速術),1,1,50000
45316,40209,魔法書(魔法封印),1,1,50000
45316,40247,精靈水晶(大地防護),1,1,50000
45316,40248,精靈水晶(地面障礙),1,1,10000
45316,40250,精靈水晶(大地的祝福),1,1,50000
45316,40251,精靈水晶(鋼鐵防護),1,1,50000
45316,40259,精靈水晶(屬性之火),1,1,10000
45316,40304,馬普勒之石,1,1,300000
45316,40308,金幣,30000,60000,1000000
45316,100041,武士刀,1,1,200000
45316,100064,巨劍,1,1,200000
45316,120154,金屬盔甲,1,1,100000
45316,140074,對盔甲施法的卷軸,1,1,100000
45316,140087,對武器施法的卷軸,1,1,100000
45316,140100,瞬間移動卷軸,1,1,300000
45316,240074,對盔甲施法的卷軸,1,1,100000
45316,240087,對武器施法的卷軸,1,1,100000
45321,40048,品質鑽石,1,1,10000
45321,40049,品質紅寶石,1,1,10000
45321,40050,品質藍寶石,1,1,10000
45321,40051,品質綠寶石,1,1,10000
45321,40087,對武器施法的卷軸,1,1,50000
45321,40175,魔法書(魔法屏障),1,1,10000
45321,40198,魔法書(龍捲風),1,1,10000
45321,40237,精靈水晶(釋放元素),1,1,10000
45321,40240,精靈水晶(三重矢),1,1,10000
45321,40260,精靈水晶(風之神射),1,1,10000
45321,40261,精靈水晶(風之疾走),1,1,10000
45321,40307,沙哈之石,1,1,10000
45321,40308,金幣,163,270,1000000
45321,40491,格利芬羽毛,1,1,10000
45321,49261,格利芬肉,1,1,0
45321,120101,皮甲,1,1,50000
45321,140013,自我加速藥水,1,1,100000
45321,140018,強化 綠色藥水,1,1,100000
45321,140100,瞬間移動卷軸,1,1,100000
45322,20149,青銅盔甲,1,1,10000
45322,40010,治癒藥水,1,1,300000
45322,40011,強力治癒藥水,1,1,100000
45322,40012,終極治癒藥水,1,1,100000
45322,40013,自我加速藥水,1,1,100000
45322,40015,藍色藥水,1,1,50000
45322,40018,強化 綠色藥水,1,1,50000
45322,40048,品質鑽石,1,1,10000
45322,40049,品質紅寶石,1,1,10000
45322,40050,品質藍寶石,1,1,10000
45322,40051,品質綠寶石,1,1,10000
45322,40192,魔法書(弱化術),1,1,10000
45322,40202,魔法書(全部治癒術),1,1,10000
45322,40213,魔法書(聖結界),1,1,1000
45322,40235,精靈水晶(淨化精神),1,1,10000
45322,40238,精靈水晶(魂體轉換),1,1,1000
45322,40241,精靈水晶(弱化屬性),1,1,10000
45322,40277,黑暗精靈水晶(暗影之牙),1,1,10000
45322,40308,金幣,163,270,1000000
45322,40524,黑色血痕,1,1,10000
45322,49111,龍騎士書板(覺醒：法利昂),1,1,10000
45322,120101,皮甲,1,1,50000
45323,20123,喚獸師長袍,1,1,5000
45323,20258,喚獸師項鍊,1,1,1000
45323,40006,松木魔杖,1,1,100
45323,40012,終極治癒藥水,1,1,50000
45323,40013,自我加速藥水,1,1,100000
45323,40452,喚獸師戒指,1,1,5000
45323,40453,喚獸師長鞭,1,1,5000
45323,40490,黑暗元素石,1,1,100000
45324,40010,治癒藥水,1,1,300000
45324,40011,強力治癒藥水,1,1,100000
45324,40012,終極治癒藥水,1,1,100000
45324,40013,自我加速藥水,1,1,100000
45324,40018,強化 綠色藥水,1,1,10000
45324,40308,金幣,173,285,1000000
45325,40007,烏木魔杖,1,1,5000
45325,40010,治癒藥水,1,1,50000
45325,40011,強力治癒藥水,1,1,50000
45325,40012,終極治癒藥水,1,1,50000
45325,40013,自我加速藥水,1,1,50000
45325,40014,勇敢藥水,1,1,50000
45325,40016,慎重藥水,1,1,50000
45325,40017,翡翠藥水,1,1,50000
45325,40018,強化 綠色藥水,1,1,10000
45325,40019,濃縮體力恢復劑,1,1,10000
45325,40020,濃縮強力體力恢復劑,1,1,10000
45325,40021,濃縮終極體力恢復劑,1,1,10000
45325,40089,復活卷軸,1,1,50000
45325,40090,空的魔法卷軸(等級1),1,1,50000
45325,40091,空的魔法卷軸(等級2),1,1,50000
45325,40092,空的魔法卷軸(等級3),1,1,50000
45325,40119,解除咀咒的卷軸,1,1,50000
45325,40126,鑑定卷軸,1,1,50000
45325,40308,金幣,163,270,1000000
45325,40397,奇美拉之皮(龍),1,1,100000
45325,40398,奇美拉之皮(山羊),1,1,100000
45325,40399,奇美拉之皮(獅子),1,1,100000
45325,40400,奇美拉之皮(蛇),1,1,100000
45326,20098,黑暗棲林者盔甲,1,1,5000
45326,20196,黑暗棲林者長靴,1,1,5000
45326,40012,終極治癒藥水,1,1,100000
45326,40013,自我加速藥水,1,1,100000
45326,40074,對盔甲施法的卷軸,1,1,10000
45326,40087,對武器施法的卷軸,1,1,10000
45326,40089,復活卷軸,1,1,50000
45326,40308,金幣,173,285,1000000
45326,40425,黑暗棲林者藥水,1,1,5000
45326,40426,黑暗棲林者戒指,1,1,5000
45326,40427,黑暗妖精袋子,1,1,50000
45327,10,小武士刀,1,1,5000
45327,176,拉斯塔巴德弓,1,1,5000
45327,20102,拉斯塔巴德皮盔甲,1,1,1000
45327,20199,拉斯塔巴德長靴,1,1,5000
45327,40013,自我加速藥水,1,1,50000
45327,40016,慎重藥水,1,1,50000
45327,40074,對盔甲施法的卷軸,1,1,10000
45327,40087,對武器施法的卷軸,1,1,10000
45327,40119,解除咀咒的卷軸,1,1,50000
45327,40209,魔法書(魔法封印),1,1,10000
45327,40269,黑暗精靈水晶(力量提升),1,1,10000
45327,40308,金幣,173,285,1000000
45327,40429,大洞穴卷軸碎片,1,1,50000
45327,40444,黑色米索莉原石,1,1,10000
45327,40524,黑色血痕,1,1,10000
45327,40746,米索莉箭,30,100,10000
45327,40899,鋼鐵原石,1,1,10000
45327,140100,瞬間移動卷軸,1,1,50000
45328,40011,強力治癒藥水,1,1,100000
45328,40013,自我加速藥水,1,1,100000
45328,40074,對盔甲施法的卷軸,1,1,5000
45328,40433,犰狳之爪,1,1,50000
45328,40434,犰狳的尾巴,1,1,50000
45328,49126,記憶水晶(立方：地裂),1,1,200
45329,40010,治癒藥水,1,1,100000
45329,40011,強力治癒藥水,1,1,100000
45329,40013,自我加速藥水,1,1,100000
45329,40308,金幣,135,225,1000000
45330,43,海賊彎刀,1,1,10000
45330,20424,詛咒的藍色耳環,1,1,1000
45330,40013,自我加速藥水,1,1,100000
45330,40018,強化 綠色藥水,1,1,50000
45330,40044,鑽石,1,1,10000
45330,40048,品質鑽石,1,1,5000
45330,40305,帕格里奧之石,1,1,10000
45330,40307,沙哈之石,1,1,10000
45330,40308,金幣,173,285,1000000
45330,40330,無限箭筒,1,1,10000
45330,40471,精靈碎片,1,1,10000
45330,40662,兒子的肖像畫,1,1,10000
45330,40744,銀箭,10,30,100000
45330,220293,受詛咒的鑽石戒指,1,1,10000
45330,220294,受詛咒的紅寶石戒指,1,1,10000
45331,40013,自我加速藥水,1,1,100000
45331,40016,慎重藥水,1,1,50000
45331,40020,濃縮強力體力恢復劑,1,1,100000
45331,40074,對盔甲施法的卷軸,1,1,10000
45331,40087,對武器施法的卷軸,1,1,10000
45331,40089,復活卷軸,1,1,50000
45331,49164,間諜報告書,1,1,50000
45331,140087,對武器施法的卷軸,1,1,5000
45332,40015,藍色藥水,1,1,50000
45332,40017,翡翠藥水,1,1,50000
45332,40087,對武器施法的卷軸,1,1,10000
45332,40089,復活卷軸,1,1,50000
45332,40104,傲慢之塔移動卷軸(11F),1,1,10000
45332,40119,解除咀咒的卷軸,1,1,50000
45332,40306,伊娃之石,1,1,10000
45332,40458,光明的鱗片,1,1,10000
45332,140100,瞬間移動卷軸,1,1,100000
45333,122,拉斯塔巴德魔杖,1,1,5000
45333,20103,拉斯塔巴德長袍,1,1,5000
45333,40013,自我加速藥水,1,1,50000
45333,40016,慎重藥水,1,1,50000
45333,40074,對盔甲施法的卷軸,1,1,10000
45333,40087,對武器施法的卷軸,1,1,10000
45333,40119,解除咀咒的卷軸,1,1,50000
45333,40200,魔法書(狂暴術),1,1,10000
45333,40211,魔法書(沉睡之霧),1,1,10000
45333,40213,魔法書(聖結界),1,1,1000
45333,40217,魔法書(強力無所遁形術),1,1,10000
45333,40219,魔法書(流星雨),1,1,100
45333,40221,魔法書(集體緩速術),1,1,10000
45333,40224,魔法書(靈魂昇華),1,1,100
45333,40271,黑暗精靈水晶(燃燒鬥志),1,1,10000
45333,40272,黑暗精靈水晶(暗黑盲咒),1,1,10000
45333,40273,黑暗精靈水晶(毒性抵抗),1,1,10000
45333,40308,金幣,173,285,1000000
45333,40429,大洞穴卷軸碎片,1,1,50000
45333,40444,黑色米索莉原石,1,1,10000
45333,40524,黑色血痕,1,1,10000
45333,40899,鋼鐵原石,1,1,10000
45333,140100,瞬間移動卷軸,1,1,50000
45337,137,亞連,1,1,5000
45337,138,木棒,1,1,5000
45337,143,戰斧,1,1,5000
45337,145,狂戰士斧,1,1,1000
45337,20306,小型身體腰帶,1,1,1000
45337,20307,小型靈魂腰帶,1,1,1000
45337,20308,小型精神腰帶,1,1,1000
45337,20312,身體腰帶,1,1,1000
45337,20316,靈魂腰帶,1,1,1000
45337,20319,精神腰帶,1,1,1000
45337,40252,精靈水晶(體能激發),1,1,10000
45337,40304,馬普勒之石,1,1,10000
45337,40308,金幣,153,254,1000000
45337,49135,記憶水晶(幻覺：化身),1,1,300
45338,40014,勇敢藥水,1,1,100000
45338,40047,綠寶石,1,1,100000
45338,40074,對盔甲施法的卷軸,1,1,10000
45338,40179,魔法書(極道落雷),1,1,10000
45338,40253,精靈水晶(水之元氣),1,1,10000
45338,40306,伊娃之石,1,1,10000
45338,40308,金幣,173,285,1000000
45339,40013,自我加速藥水,1,1,100000
45339,40017,翡翠藥水,1,1,100000
45339,40020,濃縮強力體力恢復劑,1,1,100000
45339,40483,金屬蜈蚣的皮,1,1,10000
45339,40484,金屬蜈蚣的毒液,1,1,10000
45339,40485,金屬蜈蚣的牙,1,1,10000
45340,40012,終極治癒藥水,1,1,100000
45340,40013,自我加速藥水,1,1,100000
45340,40014,勇敢藥水,1,1,50000
45340,40018,強化 綠色藥水,1,1,50000
45340,40074,對盔甲施法的卷軸,1,1,10000
45340,40308,金幣,173,285,1000000
45340,40430,大洞穴水晶,1,1,50000
45341,40013,自我加速藥水,1,1,100000
45341,40014,勇敢藥水,1,1,100000
45341,40016,慎重藥水,1,1,100000
45341,40018,強化 綠色藥水,1,1,50000
45341,40074,對盔甲施法的卷軸,1,1,25000
45341,40087,對武器施法的卷軸,1,1,25000
45341,40089,復活卷軸,1,2,700000
45341,40191,魔法書(烈炎術),1,1,2500
45341,40200,魔法書(狂暴術),1,1,2500
45341,40215,魔法書(火風暴),1,1,500
45341,40221,魔法書(集體緩速術),1,1,500
45341,40242,精靈水晶(魔法消除),1,1,500
45341,40256,精靈水晶(火焰武器),1,1,5000
45341,40257,精靈水晶(烈炎氣息),1,1,2500
45341,40258,精靈水晶(烈炎武器),1,1,1000
45341,40259,精靈水晶(屬性之火),1,1,500
45341,40305,帕格里奧之石,1,1,10000
45341,40308,金幣,253,410,1000000
45341,40486,火山灰,1,1,30000
45341,49114,龍騎士書板(驚悚死神),1,1,500
45341,140074,對盔甲施法的卷軸,1,1,2000
45341,140087,對武器施法的卷軸,1,1,2000
45341,240074,對盔甲施法的卷軸,1,1,2000
45341,240087,對武器施法的卷軸,1,1,2000
45342,40547,村民的遺物,1,1,1000000
45343,40592,受詛咒的精靈書,1,1,1000000
45344,40079,傳送回家的卷軸,1,1,1000000
45344,40579,不死族的骨頭,1,1,1000000
45345,40014,勇敢藥水,1,1,50000
45345,40015,藍色藥水,1,1,50000
45345,40074,對盔甲施法的卷軸,1,1,10000
45345,40087,對武器施法的卷軸,1,1,10000
45345,40119,解除咀咒的卷軸,1,1,50000
45345,40187,魔法書(體魄強健術),1,1,10000
45345,40192,魔法書(弱化術),1,1,10000
45345,40238,精靈水晶(魂體轉換),1,1,1000
45345,40247,精靈水晶(大地防護),1,1,10000
45345,40251,精靈水晶(鋼鐵防護),1,1,10000
45345,40252,精靈水晶(體能激發),1,1,10000
45345,40275,黑暗精靈水晶(雙重破壞),1,1,10000
45345,40277,黑暗精靈水晶(暗影之牙),1,1,10000
45345,40304,馬普勒之石,1,1,10000
45345,40308,金幣,173,285,1000000
45345,40317,磨刀石,1,1,100000
45345,40408,金屬塊,1,1,50000
45345,40496,粗糙的米索莉塊,1,1,50000
45345,40899,鋼鐵原石,1,1,10000
45346,143,戰斧,1,1,5000
45346,145,狂戰士斧,1,1,1000
45346,148,巨斧,1,1,1000
45346,20014,治癒魔法頭盔,1,1,10000
45346,40015,藍色藥水,1,1,50000
45346,40017,翡翠藥水,1,1,50000
45346,40051,品質綠寶石,1,1,50000
45346,40055,高品質綠寶石,1,1,10000
45346,40074,對盔甲施法的卷軸,1,1,10000
45346,40087,對武器施法的卷軸,1,1,10000
45346,40194,魔法書(體力回復術),1,1,10000
45346,40221,魔法書(集體緩速術),1,1,10000
45346,40308,金幣,184,302,1000000
45346,49128,記憶水晶(幻想),1,1,600
45346,140100,瞬間移動卷軸,1,1,100000
45347,20098,黑暗棲林者盔甲,1,1,5000
45347,20196,黑暗棲林者長靴,1,1,5000
45347,40012,終極治癒藥水,1,1,100000
45347,40013,自我加速藥水,1,1,100000
45347,40074,對盔甲施法的卷軸,1,1,10000
45347,40087,對武器施法的卷軸,1,1,10000
45347,40089,復活卷軸,1,1,50000
45347,40425,黑暗棲林者藥水,1,1,5000
45347,40426,黑暗棲林者戒指,1,1,5000
45347,40490,黑暗元素石,1,1,50000
45348,40013,自我加速藥水,1,1,50000
45348,40017,翡翠藥水,1,1,50000
45348,40018,強化 綠色藥水,1,1,50000
45348,40074,對盔甲施法的卷軸,1,1,10000
45348,40087,對武器施法的卷軸,1,1,10000
45348,40104,傲慢之塔移動卷軸(11F),1,1,10000
45348,40304,馬普勒之石,1,1,10000
45348,49046,蜘蛛腿肉,1,1,0
45348,140100,瞬間移動卷軸,1,1,100000
45349,20032,黑暗頭飾,1,1,1000
45349,40016,慎重藥水,1,1,100000
45349,40178,魔法書(木乃伊的詛咒),1,1,10000
45349,40189,魔法書(魔法相消術),1,1,10000
45349,40237,精靈水晶(釋放元素),1,1,10000
45349,40240,精靈水晶(三重矢),1,1,10000
45349,40307,沙哈之石,1,1,10000
45349,40308,金幣,184,302,1000000
45349,49123,記憶水晶(心靈破壞),1,1,500
45349,240087,對武器施法的卷軸,1,1,10000
45350,101,拉斯塔巴德矛,1,1,5000
45350,40308,金幣,184,302,1000000
45350,40614,礦物收集文件,1,1,10000
45351,137,亞連,1,1,5000
45351,138,木棒,1,1,5000
45351,143,戰斧,1,1,5000
45351,145,狂戰士斧,1,1,1000
45351,20306,小型身體腰帶,1,1,1000
45351,20307,小型靈魂腰帶,1,1,1000
45351,20308,小型精神腰帶,1,1,1000
45351,20312,身體腰帶,1,1,1000
45351,20316,靈魂腰帶,1,1,1000
45351,20319,精神腰帶,1,1,1000
45351,40252,精靈水晶(體能激發),1,1,10000
45351,40304,馬普勒之石,1,1,10000
45351,40308,金幣,184,302,1000000
45351,49135,記憶水晶(幻覺：化身),1,1,400
45352,40008,楓木魔杖,1,1,1000
45352,40010,治癒藥水,1,1,100000
45352,40011,強力治癒藥水,1,1,50000
45352,40012,終極治癒藥水,1,1,50000
45352,40015,藍色藥水,1,1,50000
45352,40088,變形卷軸,1,1,300000
45352,40217,魔法書(強力無所遁形術),1,1,10000
45352,40308,金幣,184,302,1000000
45355,20142,被遺忘的鱗甲,1,1,10000
45355,40007,烏木魔杖,1,1,1000
45355,40010,治癒藥水,1,1,300000
45355,40011,強力治癒藥水,1,1,100000
45355,40012,終極治癒藥水,1,1,100000
45355,40013,自我加速藥水,1,1,100000
45355,40014,勇敢藥水,1,1,10000
45355,40015,藍色藥水,1,1,10000
45355,40016,慎重藥水,1,1,10000
45355,40017,翡翠藥水,1,1,50000
45355,40018,強化 綠色藥水,1,1,10000
45355,40019,濃縮體力恢復劑,1,1,10000
45355,40020,濃縮強力體力恢復劑,1,1,10000
45355,40021,濃縮終極體力恢復劑,1,1,10000
45355,40068,精靈餅乾,1,1,10000
45355,40090,空的魔法卷軸(等級1),1,1,10000
45355,40091,空的魔法卷軸(等級2),1,1,10000
45355,40092,空的魔法卷軸(等級3),1,1,10000
45355,40093,空的魔法卷軸(等級4),1,1,10000
45355,40094,空的魔法卷軸(等級5),1,1,10000
45355,40307,沙哈之石,1,1,10000
45356,20053,狼皮斗篷,1,1,3000
45356,40010,治癒藥水,1,1,100000
45356,40011,強力治癒藥水,1,1,100000
45356,40013,自我加速藥水,1,1,100000
45356,40014,勇敢藥水,1,1,50000
45356,40016,慎重藥水,1,1,50000
45356,40074,對盔甲施法的卷軸,1,1,10000
45356,40087,對武器施法的卷軸,1,1,10000
45356,40100,瞬間移動卷軸,1,1,100000
45356,40119,解除咀咒的卷軸,1,1,100000
45356,40266,黑暗精靈水晶(附加劇毒),1,1,10000
45356,40267,黑暗精靈水晶(影之防護),1,1,10000
45356,40271,黑暗精靈水晶(燃燒鬥志),1,1,10000
45356,40273,黑暗精靈水晶(毒性抵抗),1,1,10000
45356,40274,黑暗精靈水晶(敏捷提升),1,1,10000
45356,40275,黑暗精靈水晶(雙重破壞),1,1,10000
45356,40432,狄亞得卷軸碎片,1,1,50000
45356,40444,黑色米索莉原石,1,1,10000
45356,40454,馴獸師戒指,1,1,5000
45356,40524,黑色血痕,1,1,10000
45357,40013,自我加速藥水,1,1,100000
45357,40308,金幣,194,318,1000000
45357,40447,黑虎的皮,1,1,10000
45357,40448,黑虎的爪,1,1,10000
45357,40449,黑虎的牙,1,1,10000
45357,40451,黑虎之心,1,1,10000
45358,20142,被遺忘的鱗甲,1,1,10000
45358,40010,治癒藥水,1,1,300000
45358,40011,強力治癒藥水,1,1,100000
45358,40012,終極治癒藥水,1,1,100000
45358,40013,自我加速藥水,1,1,100000
45358,40014,勇敢藥水,1,1,10000
45358,40015,藍色藥水,1,1,10000
45358,40016,慎重藥水,1,1,10000
45358,40017,翡翠藥水,1,1,50000
45358,40018,強化 綠色藥水,1,1,10000
45358,40019,濃縮體力恢復劑,1,1,10000
45358,40020,濃縮強力體力恢復劑,1,1,10000
45358,40021,濃縮終極體力恢復劑,1,1,10000
45358,40068,精靈餅乾,1,1,10000
45358,40090,空的魔法卷軸(等級1),1,1,10000
45358,40091,空的魔法卷軸(等級2),1,1,10000
45358,40092,空的魔法卷軸(等級3),1,1,10000
45358,40093,空的魔法卷軸(等級4),1,1,10000
45358,40094,空的魔法卷軸(等級5),1,1,10000
45358,40211,魔法書(沉睡之霧),1,1,10000
45358,40304,馬普勒之石,1,1,10000
45358,49046,蜘蛛腿肉,1,1,0
45359,40007,烏木魔杖,1,1,1000
45359,40013,自我加速藥水,1,1,100000
45359,40014,勇敢藥水,1,1,100000
45359,40016,慎重藥水,1,1,100000
45359,40018,強化 綠色藥水,1,1,100000
45359,40074,對盔甲施法的卷軸,1,1,50000
45359,40087,對武器施法的卷軸,1,1,50000
45359,40170,魔法書(燃燒的火球),1,1,50000
45359,40171,魔法書(通暢氣脈術),1,1,50000
45359,40187,魔法書(體魄強健術),1,1,50000
45359,40188,魔法書(加速術),1,1,50000
45359,40190,魔法書(地裂術),1,1,10000
45359,40191,魔法書(烈炎術),1,1,10000
45359,40241,精靈水晶(弱化屬性),1,1,10000
45359,40256,精靈水晶(火焰武器),1,1,10000
45359,40257,精靈水晶(烈炎氣息),1,1,10000
45359,40259,精靈水晶(屬性之火),1,1,10000
45359,40305,帕格里奧之石,1,1,10000
45359,40308,金幣,194,318,1000000
45359,40460,阿西塔基奧的灰燼,1,1,50000
45359,140100,瞬間移動卷軸,1,1,100000
45360,20177,地靈手套,1,1,5000
45360,20319,精神腰帶,1,1,10000
45360,40013,自我加速藥水,1,1,100000
45360,40015,藍色藥水,1,1,50000
45360,40307,沙哈之石,1,1,10000
45360,40308,金幣,194,318,1000000
45360,40408,金屬塊,1,1,100000
45360,40468,銀原石,1,1,100000
45360,140100,瞬間移動卷軸,1,1,100000
45361,40007,烏木魔杖,1,1,1000
45361,40013,自我加速藥水,1,1,100000
45361,40014,勇敢藥水,1,1,100000
45361,40016,慎重藥水,1,1,100000
45361,40018,強化 綠色藥水,1,1,50000
45361,40074,對盔甲施法的卷軸,1,1,10000
45361,40087,對武器施法的卷軸,1,1,10000
45361,40092,空的魔法卷軸(等級3),1,1,10000
45361,40174,魔法書(緩速術),1,1,10000
45361,40177,魔法書(岩牢),1,1,10000
45361,40178,魔法書(木乃伊的詛咒),1,1,10000
45361,40180,魔法書(高級治癒術),1,1,10000
45361,40182,魔法書(聖潔之光),1,1,10000
45361,40188,魔法書(加速術),1,1,10000
45361,40190,魔法書(地裂術),1,1,10000
45361,40199,魔法書(強力加速術),1,1,10000
45361,40207,魔法書(震裂術),1,1,10000
45361,40240,精靈水晶(三重矢),1,1,10000
45361,40248,精靈水晶(地面障礙),1,1,10000
45361,40307,沙哈之石,1,1,10000
45361,49262,亞力安的尾巴,1,1,0
45361,140100,瞬間移動卷軸,1,1,100000
45362,18,受封印 被遺忘的劍,1,1,10000
45362,20143,被遺忘的金屬盔甲,1,1,10000
45362,20166,死亡騎士手套,1,1,1000
45362,20280,滅魔戒指,1,1,1000
45362,40010,治癒藥水,1,1,300000
45362,40011,強力治癒藥水,1,1,100000
45362,40012,終極治癒藥水,1,1,100000
45362,40013,自我加速藥水,1,1,100000
45362,40014,勇敢藥水,1,1,10000
45362,40015,藍色藥水,1,1,10000
45362,40016,慎重藥水,1,1,10000
45362,40017,翡翠藥水,1,1,50000
45362,40018,強化 綠色藥水,1,1,10000
45362,40019,濃縮體力恢復劑,1,1,10000
45362,40020,濃縮強力體力恢復劑,1,1,10000
45362,40021,濃縮終極體力恢復劑,1,1,10000
45362,40068,精靈餅乾,1,1,10000
45362,40076,古代的卷軸,1,1,1000
45362,40089,復活卷軸,1,1,10000
45362,40090,空的魔法卷軸(等級1),1,1,10000
45362,40091,空的魔法卷軸(等級2),1,1,10000
45362,40092,空的魔法卷軸(等級3),1,1,10000
45362,40093,空的魔法卷軸(等級4),1,1,10000
45362,40094,空的魔法卷軸(等級5),1,1,10000
45362,40119,解除咀咒的卷軸,1,1,10000
45362,40126,鑑定卷軸,1,1,10000
45362,40307,沙哈之石,1,1,10000
45362,40317,磨刀石,1,1,10000
45362,49262,亞力安的尾巴,1,1,0
45363,40013,自我加速藥水,1,1,100000
45363,40016,慎重藥水,1,1,50000
45363,40074,對盔甲施法的卷軸,1,1,10000
45363,40087,對武器施法的卷軸,1,1,10000
45363,40100,瞬間移動卷軸,1,1,50000
45363,40119,解除咀咒的卷軸,1,1,100000
45363,40213,魔法書(聖結界),1,1,1000
45363,40216,魔法書(藥水霜化術),1,1,5000
45363,40223,魔法書(絕對屏障),1,1,100
45363,40265,黑暗精靈水晶(暗隱術),1,1,10000
45363,40266,黑暗精靈水晶(附加劇毒),1,1,10000
45363,40267,黑暗精靈水晶(影之防護),1,1,10000
45363,40271,黑暗精靈水晶(燃燒鬥志),1,1,10000
45363,40272,黑暗精靈水晶(暗黑盲咒),1,1,10000
45363,40273,黑暗精靈水晶(毒性抵抗),1,1,10000
45363,40275,黑暗精靈水晶(雙重破壞),1,1,10000
45363,40277,黑暗精靈水晶(暗影之牙),1,1,10000
45363,40278,黑暗精靈水晶(會心一擊),1,1,10000
45363,40308,金幣,205,336,1000000
45363,40430,大洞穴水晶,1,1,50000
45363,40465,精靈使戒指,1,1,5000
45364,20008,小型風之頭盔,1,1,10000
45364,20023,風之頭盔,1,1,5000
45364,20140,被遺忘的皮盔甲,1,1,10000
45364,20303,抗魔戒指,1,1,10000
45364,40010,治癒藥水,1,1,300000
45364,40011,強力治癒藥水,1,1,100000
45364,40012,終極治癒藥水,1,1,100000
45364,40013,自我加速藥水,1,1,100000
45364,40014,勇敢藥水,1,1,10000
45364,40015,藍色藥水,1,1,10000
45364,40016,慎重藥水,1,1,10000
45364,40017,翡翠藥水,1,1,50000
45364,40018,強化 綠色藥水,1,1,10000
45364,40019,濃縮體力恢復劑,1,1,10000
45364,40020,濃縮強力體力恢復劑,1,1,10000
45364,40021,濃縮終極體力恢復劑,1,1,10000
45364,40068,精靈餅乾,1,1,10000
45364,40089,復活卷軸,1,1,10000
45364,40090,空的魔法卷軸(等級1),1,1,10000
45364,40091,空的魔法卷軸(等級2),1,1,10000
45364,40092,空的魔法卷軸(等級3),1,1,10000
45364,40093,空的魔法卷軸(等級4),1,1,10000
45364,40094,空的魔法卷軸(等級5),1,1,10000
45364,40119,解除咀咒的卷軸,1,1,10000
45364,40126,鑑定卷軸,1,1,10000
45364,40444,黑色米索莉原石,1,1,10000
45365,52,雙手劍,1,1,10000
45365,148,巨斧,1,1,5000
45365,40014,勇敢藥水,1,1,100000
45365,40174,魔法書(緩速術),1,1,5000
45365,40187,魔法書(體魄強健術),1,1,5000
45365,40190,魔法書(地裂術),1,1,2500
45365,40191,魔法書(烈炎術),1,1,5000
45365,40215,魔法書(火風暴),1,1,2500
45365,40240,精靈水晶(三重矢),1,1,5000
45365,40249,精靈水晶(大地屏障),1,1,100
45365,40256,精靈水晶(火焰武器),1,1,5000
45365,40257,精靈水晶(烈炎氣息),1,1,2500
45365,40258,精靈水晶(烈炎武器),1,1,1000
45365,40305,帕格里奧之石,1,1,10000
45365,40308,金幣,80,450,1000000
45365,49116,龍騎士書板(覺醒：巴拉卡斯),1,1,5000
45365,49130,記憶水晶(幻覺：鑽石高崙),1,1,400
45365,100102,露西錘,1,1,15000
45366,8,米索莉短劍,1,1,5000
45366,20016,曼波帽子,1,1,1000
45366,20112,曼波外套,1,1,1000
45366,20172,水靈手套,1,1,5000
45366,20177,地靈手套,1,1,5000
45366,20181,火靈手套,1,1,5000
45366,20189,風靈手套,1,1,5000
45366,40013,自我加速藥水,1,1,100000
45366,40043,兔子的肝,1,1,5000
45366,40048,品質鑽石,1,1,50000
45366,40049,品質紅寶石,1,1,50000
45366,40050,品質藍寶石,1,1,50000
45366,40051,品質綠寶石,1,1,50000
45366,40240,精靈水晶(三重矢),1,1,10000
45366,40308,金幣,205,336,1000000
45367,40006,松木魔杖,1,1,100
45367,40012,終極治癒藥水,1,1,50000
45367,40013,自我加速藥水,1,1,100000
45367,40014,勇敢藥水,1,1,50000
45367,40074,對盔甲施法的卷軸,1,1,10000
45367,40410,黑暗安特的樹皮,1,1,1000
45367,40411,黑暗安特的水果,1,1,1000
45367,40412,黑暗安特的樹枝,1,1,1000
45367,40444,黑色米索莉原石,1,1,10000
45367,40490,黑暗元素石,1,1,50000
45368,20123,喚獸師長袍,1,1,5000
45368,20258,喚獸師項鍊,1,1,1000
45368,40012,終極治癒藥水,1,1,50000
45368,40013,自我加速藥水,1,1,100000
45368,40427,黑暗妖精袋子,1,1,50000
45368,40452,喚獸師戒指,1,1,5000
45368,40453,喚獸師長鞭,1,1,5000
45368,40490,黑暗元素石,1,1,50000
45369,40167,古老皮袋,1,1,100000
45369,40168,古老絲袋,1,1,100000
45369,40415,遺物袋子,1,1,100000
45370,40048,品質鑽石,1,1,50000
45370,40050,品質藍寶石,1,1,50000
45370,40051,品質綠寶石,1,1,50000
45370,40053,高品質紅寶石,1,1,50000
45370,40308,金幣,205,336,1000000
45370,140100,瞬間移動卷軸,1,1,300000
45371,20140,被遺忘的皮盔甲,1,1,10000
45371,40010,治癒藥水,1,1,300000
45371,40011,強力治癒藥水,1,1,100000
45371,40012,終極治癒藥水,1,1,100000
45371,40013,自我加速藥水,1,1,100000
45371,40014,勇敢藥水,1,1,10000
45371,40015,藍色藥水,1,1,10000
45371,40016,慎重藥水,1,1,10000
45371,40017,翡翠藥水,1,1,50000
45371,40018,強化 綠色藥水,1,1,10000
45371,40019,濃縮體力恢復劑,1,1,10000
45371,40020,濃縮強力體力恢復劑,1,1,10000
45371,40021,濃縮終極體力恢復劑,1,1,10000
45371,40068,精靈餅乾,1,1,10000
45371,40090,空的魔法卷軸(等級1),1,1,10000
45371,40091,空的魔法卷軸(等級2),1,1,10000
45371,40092,空的魔法卷軸(等級3),1,1,10000
45371,40093,空的魔法卷軸(等級4),1,1,10000
45371,40094,空的魔法卷軸(等級5),1,1,10000
45371,40304,馬普勒之石,1,1,10000
45372,40014,勇敢藥水,1,1,50000
45372,40015,藍色藥水,1,1,50000
45372,40074,對盔甲施法的卷軸,1,1,10000
45372,40087,對武器施法的卷軸,1,1,10000
45372,40119,解除咀咒的卷軸,1,1,100000
45372,40187,魔法書(體魄強健術),1,1,10000
45372,40192,魔法書(弱化術),1,1,10000
45372,40238,精靈水晶(魂體轉換),1,1,1000
45372,40247,精靈水晶(大地防護),1,1,10000
45372,40251,精靈水晶(鋼鐵防護),1,1,10000
45372,40275,黑暗精靈水晶(雙重破壞),1,1,10000
45372,40277,黑暗精靈水晶(暗影之牙),1,1,10000
45372,40304,馬普勒之石,1,1,10000
45372,40308,金幣,205,336,1000000
45372,40408,金屬塊,1,1,100000
45372,40496,粗糙的米索莉塊,1,1,100000
45372,40899,鋼鐵原石,1,1,10000
45372,49130,記憶水晶(幻覺：鑽石高崙),1,1,600
45373,40014,勇敢藥水,1,1,100000
45373,40177,魔法書(岩牢),1,1,10000
45373,40187,魔法書(體魄強健術),1,1,10000
45373,40188,魔法書(加速術),1,1,10000
45373,40190,魔法書(地裂術),1,1,10000
45373,40199,魔法書(強力加速術),1,1,10000
45373,40207,魔法書(震裂術),1,1,10000
45373,40241,精靈水晶(弱化屬性),1,1,10000
45373,40252,精靈水晶(體能激發),1,1,10000
45373,40304,馬普勒之石,1,1,10000
45373,49106,龍騎士書板(覺醒：安塔瑞斯),1,1,10000
45373,100102,露西錘,1,1,5000
45374,20172,水靈手套,1,1,5000
45374,20289,深淵戒指,1,1,10000
45374,20312,身體腰帶,1,1,10000
45374,40013,自我加速藥水,1,1,50000
45374,40015,藍色藥水,1,1,50000
45374,40046,藍寶石,1,1,10000
45374,40100,瞬間移動卷軸,1,1,100000
45374,40306,伊娃之石,1,1,10000
45374,40308,金幣,205,336,1000000
45376,52,雙手劍,1,1,10000
45376,102,露西錘,1,1,1000
45376,148,巨斧,1,1,1000
45376,20011,抗魔法頭盔,1,1,10000
45376,20267,精神項鍊,1,1,1000
45376,40014,勇敢藥水,1,1,100000
45376,40087,對武器施法的卷軸,1,1,10000
45376,40174,魔法書(緩速術),1,1,10000
45376,40187,魔法書(體魄強健術),1,1,10000
45376,40190,魔法書(地裂術),1,1,10000
45376,40191,魔法書(烈炎術),1,1,10000
45376,40215,魔法書(火風暴),1,1,10000
45376,40249,精靈水晶(大地屏障),1,1,1000
45376,40252,精靈水晶(體能激發),1,1,10000
45376,40256,精靈水晶(火焰武器),1,1,10000
45376,40258,精靈水晶(烈炎武器),1,1,10000
45376,40305,帕格里奧之石,1,1,10000
45376,40308,金幣,205,336,1000000
45376,40486,火山灰,1,1,5000
45376,49105,龍騎士書板(岩漿噴吐),1,1,10000
45376,49116,龍騎士書板(覺醒：巴拉卡斯),1,1,5000
45377,20141,被遺忘的長袍,1,1,10000
45377,40007,烏木魔杖,1,1,1000
45377,40010,治癒藥水,1,1,300000
45377,40011,強力治癒藥水,1,1,100000
45377,40012,終極治癒藥水,1,1,100000
45377,40013,自我加速藥水,1,1,100000
45377,40014,勇敢藥水,1,1,10000
45377,40015,藍色藥水,1,1,10000
45377,40016,慎重藥水,1,1,10000
45377,40017,翡翠藥水,1,1,50000
45377,40018,強化 綠色藥水,1,1,10000
45377,40019,濃縮體力恢復劑,1,1,10000
45377,40020,濃縮強力體力恢復劑,1,1,10000
45377,40021,濃縮終極體力恢復劑,1,1,10000
45377,40068,精靈餅乾,1,1,10000
45377,40090,空的魔法卷軸(等級1),1,1,10000
45377,40091,空的魔法卷軸(等級2),1,1,10000
45377,40092,空的魔法卷軸(等級3),1,1,10000
45377,40093,空的魔法卷軸(等級4),1,1,10000
45377,40094,空的魔法卷軸(等級5),1,1,10000
45377,40306,伊娃之石,1,1,10000
45378,20140,被遺忘的皮盔甲,1,1,10000
45378,40007,烏木魔杖,1,1,1000
45378,40010,治癒藥水,1,1,300000
45378,40011,強力治癒藥水,1,1,100000
45378,40012,終極治癒藥水,1,1,100000
45378,40013,自我加速藥水,1,1,100000
45378,40014,勇敢藥水,1,1,10000
45378,40015,藍色藥水,1,1,10000
45378,40016,慎重藥水,1,1,10000
45378,40017,翡翠藥水,1,1,50000
45378,40018,強化 綠色藥水,1,1,10000
45378,40019,濃縮體力恢復劑,1,1,10000
45378,40020,濃縮強力體力恢復劑,1,1,10000
45378,40021,濃縮終極體力恢復劑,1,1,10000
45378,40068,精靈餅乾,1,1,10000
45378,40089,復活卷軸,1,1,10000
45378,40090,空的魔法卷軸(等級1),1,1,10000
45378,40091,空的魔法卷軸(等級2),1,1,10000
45378,40092,空的魔法卷軸(等級3),1,1,10000
45378,40093,空的魔法卷軸(等級4),1,1,10000
45378,40094,空的魔法卷軸(等級5),1,1,10000
45378,40119,解除咀咒的卷軸,1,1,10000
45378,40126,鑑定卷軸,1,1,10000
45378,40304,馬普勒之石,1,1,10000
45379,122,拉斯塔巴德魔杖,1,1,5000
45379,20103,拉斯塔巴德長袍,1,1,5000
45379,40200,魔法書(狂暴術),1,1,10000
45379,40211,魔法書(沉睡之霧),1,1,10000
45379,40213,魔法書(聖結界),1,1,1000
45379,40217,魔法書(強力無所遁形術),1,1,10000
45379,40219,魔法書(流星雨),1,1,100
45379,40221,魔法書(集體緩速術),1,1,10000
45379,40224,魔法書(靈魂昇華),1,1,100
45379,40271,黑暗精靈水晶(燃燒鬥志),1,1,10000
45379,40272,黑暗精靈水晶(暗黑盲咒),1,1,10000
45379,40273,黑暗精靈水晶(毒性抵抗),1,1,10000
45379,40308,金幣,217,353,1000000
45379,40427,黑暗妖精袋子,1,1,50000
45379,49132,記憶水晶(洞察),1,1,1200
45380,20115,藤甲,1,1,10000
45380,20227,梅杜莎盾牌,1,1,5000
45380,20229,反射之盾,1,1,10000
45380,20254,魅力項鍊,1,1,5000
45380,40007,烏木魔杖,1,1,1000
45380,40016,慎重藥水,1,1,50000
45380,40074,對盔甲施法的卷軸,1,1,10000
45380,40087,對武器施法的卷軸,1,1,10000
45380,40089,復活卷軸,1,1,50000
45380,40100,瞬間移動卷軸,1,1,50000
45380,40104,傲慢之塔移動卷軸(11F),1,1,10000
45380,40119,解除咀咒的卷軸,1,1,50000
45380,40189,魔法書(魔法相消術),1,1,10000
45380,40192,魔法書(弱化術),1,1,10000
45380,40201,魔法書(疾病術),1,1,10000
45380,40213,魔法書(聖結界),1,1,1000
45380,40220,魔法書(終極返生術),1,1,10000
45380,40275,黑暗精靈水晶(雙重破壞),1,1,10000
45380,49123,記憶水晶(心靈破壞),1,1,700
45380,140074,對盔甲施法的卷軸,1,1,5000
45380,140087,對武器施法的卷軸,1,1,5000
45380,240074,對盔甲施法的卷軸,1,1,5000
45380,240087,對武器施法的卷軸,1,1,5000
45381,40014,勇敢藥水,1,1,100000
45381,40044,鑽石,1,1,10000
45381,40048,品質鑽石,1,1,10000
45381,40052,高品質鑽石,1,1,10000
45381,40074,對盔甲施法的卷軸,1,1,10000
45381,40087,對武器施法的卷軸,1,1,10000
45381,40092,空的魔法卷軸(等級3),1,1,10000
45381,40174,魔法書(緩速術),1,1,10000
45381,40178,魔法書(木乃伊的詛咒),1,1,10000
45381,40180,魔法書(高級治癒術),1,1,10000
45381,40182,魔法書(聖潔之光),1,1,10000
45381,40189,魔法書(魔法相消術),1,1,10000
45381,40190,魔法書(地裂術),1,1,10000
45381,40207,魔法書(震裂術),1,1,10000
45381,40237,精靈水晶(釋放元素),1,1,10000
45381,40253,精靈水晶(水之元氣),1,1,10000
45381,40255,精靈水晶(生命的祝福),1,1,1000
45381,40306,伊娃之石,1,1,10000
45381,40308,金幣,217,353,1000000
45381,40646,蜥蜴的角,1,1,10000
45381,49267,邪惡蜥蜴蛋,1,1,0
45382,40013,自我加速藥水,1,1,50000
45382,40074,對盔甲施法的卷軸,1,1,10000
45382,40087,對武器施法的卷軸,1,1,10000
45382,40092,空的魔法卷軸(等級3),1,1,10000
45382,40093,空的魔法卷軸(等級4),1,1,10000
45382,40094,空的魔法卷軸(等級5),1,1,10000
45382,40306,伊娃之石,1,1,10000
45382,40307,沙哈之石,1,1,10000
45382,40308,金幣,217,353,1000000
45383,40013,自我加速藥水,1,1,50000
45383,40074,對盔甲施法的卷軸,1,1,10000
45383,40087,對武器施法的卷軸,1,1,10000
45383,40092,空的魔法卷軸(等級3),1,1,10000
45383,40093,空的魔法卷軸(等級4),1,1,10000
45383,40094,空的魔法卷軸(等級5),1,1,10000
45383,40306,伊娃之石,1,1,10000
45383,40307,沙哈之石,1,1,10000
45383,40308,金幣,217,353,1000000
45384,40015,藍色藥水,1,1,100000
45384,40088,變形卷軸,1,1,100000
45384,40106,傲慢之塔移動卷軸(31F),1,1,10000
45384,40119,解除咀咒的卷軸,1,1,100000
45384,40188,魔法書(加速術),1,1,10000
45384,40191,魔法書(烈炎術),1,1,10000
45384,40203,魔法書(火牢),1,1,10000
45384,40305,帕格里奧之石,1,1,10000
45384,140074,對盔甲施法的卷軸,1,1,5000
45384,140087,對武器施法的卷軸,1,1,5000
45385,40167,古老皮袋,1,1,100000
45385,40168,古老絲袋,1,1,100000
45385,40415,遺物袋子,1,1,100000
45386,27,彎刀,1,1,500
45386,20096,環甲,1,1,5000
45386,40016,慎重藥水,1,1,100000
45386,40093,空的魔法卷軸(等級4),1,1,50000
45386,40105,傲慢之塔移動卷軸(21F),1,1,10000
45386,40260,精靈水晶(風之神射),1,1,10000
45386,40262,精靈水晶(暴風之眼),1,1,10000
45386,40275,黑暗精靈水晶(雙重破壞),1,1,10000
45386,40444,黑色米索莉原石,1,1,10000
45387,20141,被遺忘的長袍,1,1,10000
45387,20142,被遺忘的鱗甲,1,1,10000
45387,20207,深水長靴,1,1,1000
45387,40007,烏木魔杖,1,1,1000
45387,40010,治癒藥水,1,1,300000
45387,40011,強力治癒藥水,1,1,100000
45387,40012,終極治癒藥水,1,1,100000
45387,40013,自我加速藥水,1,1,100000
45387,40014,勇敢藥水,1,1,10000
45387,40015,藍色藥水,1,1,10000
45387,40016,慎重藥水,1,1,10000
45387,40017,翡翠藥水,1,1,50000
45387,40018,強化 綠色藥水,1,1,10000
45387,40019,濃縮體力恢復劑,1,1,10000
45387,40020,濃縮強力體力恢復劑,1,1,10000
45387,40021,濃縮終極體力恢復劑,1,1,10000
45387,40068,精靈餅乾,1,1,10000
45387,40089,復活卷軸,1,1,10000
45387,40090,空的魔法卷軸(等級1),1,1,10000
45387,40091,空的魔法卷軸(等級2),1,1,10000
45387,40092,空的魔法卷軸(等級3),1,1,10000
45387,40093,空的魔法卷軸(等級4),1,1,10000
45387,40094,空的魔法卷軸(等級5),1,1,10000
45387,40119,解除咀咒的卷軸,1,1,10000
45387,40126,鑑定卷軸,1,1,10000
45387,40306,伊娃之石,1,1,10000
45387,40458,光明的鱗片,1,1,10000
45389,20008,小型風之頭盔,1,1,10000
45389,20140,被遺忘的皮盔甲,1,1,10000
45389,20303,抗魔戒指,1,1,10000
45389,40007,烏木魔杖,1,1,1000
45389,40010,治癒藥水,1,1,300000
45389,40011,強力治癒藥水,1,1,100000
45389,40012,終極治癒藥水,1,1,100000
45389,40013,自我加速藥水,1,1,100000
45389,40014,勇敢藥水,1,1,10000
45389,40015,藍色藥水,1,1,10000
45389,40016,慎重藥水,1,1,10000
45389,40017,翡翠藥水,1,1,50000
45389,40018,強化 綠色藥水,1,1,10000
45389,40019,濃縮體力恢復劑,1,1,10000
45389,40020,濃縮強力體力恢復劑,1,1,10000
45389,40021,濃縮終極體力恢復劑,1,1,10000
45389,40068,精靈餅乾,1,1,10000
45389,40089,復活卷軸,1,1,10000
45389,40090,空的魔法卷軸(等級1),1,1,10000
45389,40091,空的魔法卷軸(等級2),1,1,10000
45389,40092,空的魔法卷軸(等級3),1,1,10000
45389,40093,空的魔法卷軸(等級4),1,1,10000
45389,40094,空的魔法卷軸(等級5),1,1,10000
45389,40119,解除咀咒的卷軸,1,1,10000
45389,40126,鑑定卷軸,1,1,10000
45389,40307,沙哈之石,1,1,10000
45390,20142,被遺忘的鱗甲,1,1,10000
45390,20303,抗魔戒指,1,1,10000
45390,40007,烏木魔杖,1,1,1000
45390,40010,治癒藥水,1,1,300000
45390,40011,強力治癒藥水,1,1,100000
45390,40012,終極治癒藥水,1,1,100000
45390,40013,自我加速藥水,1,1,100000
45390,40014,勇敢藥水,1,1,10000
45390,40015,藍色藥水,1,1,10000
45390,40016,慎重藥水,1,1,10000
45390,40017,翡翠藥水,1,1,50000
45390,40018,強化 綠色藥水,1,1,10000
45390,40019,濃縮體力恢復劑,1,1,10000
45390,40020,濃縮強力體力恢復劑,1,1,10000
45390,40021,濃縮終極體力恢復劑,1,1,10000
45390,40068,精靈餅乾,1,1,10000
45390,40076,古代的卷軸,1,1,1000
45390,40089,復活卷軸,1,1,10000
45390,40090,空的魔法卷軸(等級1),1,1,10000
45390,40091,空的魔法卷軸(等級2),1,1,10000
45390,40092,空的魔法卷軸(等級3),1,1,10000
45390,40093,空的魔法卷軸(等級4),1,1,10000
45390,40094,空的魔法卷軸(等級5),1,1,10000
45390,40119,解除咀咒的卷軸,1,1,10000
45390,40126,鑑定卷軸,1,1,10000
45390,40304,馬普勒之石,1,1,10000
45390,49126,記憶水晶(立方：地裂),1,1,1000
45391,40015,藍色藥水,1,3,50000
45391,40016,慎重藥水,1,3,50000
45391,40318,魔法寶石,1,3,100000
45391,40443,黑色米索莉,1,1,5000
45391,40444,黑色米索莉原石,1,1,50000
45391,40524,黑色血痕,1,1,10000
45391,40718,血石碎片,1,1,50000
45391,49164,間諜報告書,1,1,50000
45392,20141,被遺忘的長袍,1,1,10000
45392,20280,滅魔戒指,1,1,1000
45392,40007,烏木魔杖,1,1,1000
45392,40010,治癒藥水,1,1,300000
45392,40011,強力治癒藥水,1,1,100000
45392,40012,終極治癒藥水,1,1,100000
45392,40013,自我加速藥水,1,1,100000
45392,40014,勇敢藥水,1,1,10000
45392,40015,藍色藥水,1,1,10000
45392,40016,慎重藥水,1,1,10000
45392,40017,翡翠藥水,1,1,50000
45392,40018,強化 綠色藥水,1,1,10000
45392,40019,濃縮體力恢復劑,1,1,10000
45392,40020,濃縮強力體力恢復劑,1,1,10000
45392,40021,濃縮終極體力恢復劑,1,1,10000
45392,40068,精靈餅乾,1,1,10000
45392,40089,復活卷軸,1,1,10000
45392,40090,空的魔法卷軸(等級1),1,1,10000
45392,40091,空的魔法卷軸(等級2),1,1,10000
45392,40092,空的魔法卷軸(等級3),1,1,10000
45392,40093,空的魔法卷軸(等級4),1,1,10000
45392,40094,空的魔法卷軸(等級5),1,1,10000
45392,40119,解除咀咒的卷軸,1,1,10000
45392,40126,鑑定卷軸,1,1,10000
45392,40305,帕格里奧之石,1,1,10000
45392,40317,磨刀石,1,1,10000
45393,20210,黑暗長靴,1,1,10000
45393,20281,變形控制戒指,1,1,1000
45393,40015,藍色藥水,1,1,100000
45393,40016,慎重藥水,1,1,100000
45393,40093,空的魔法卷軸(等級4),1,1,10000
45393,40183,魔法書(冰錐),1,1,10000
45393,40184,魔法書(魔力奪取),1,1,10000
45393,40186,魔法書(造屍術),1,1,10000
45393,40195,魔法書(冰矛圍籬),1,1,10000
45393,40196,魔法書(召喚術),1,1,5000
45393,40204,魔法書(冰雪暴),1,1,10000
45393,40214,魔法書(集體傳送術),1,1,10000
45393,40237,精靈水晶(釋放元素),1,1,10000
45393,40240,精靈水晶(三重矢),1,1,10000
45393,40254,精靈水晶(生命之泉),1,1,10000
45393,40275,黑暗精靈水晶(雙重破壞),1,1,10000
45393,40277,黑暗精靈水晶(暗影之牙),1,1,10000
45393,49134,記憶水晶(疼痛的歡愉),1,1,200
45393,49136,記憶水晶(立方：和諧),1,1,100
45394,20210,黑暗長靴,1,1,10000
45394,20281,變形控制戒指,1,1,1000
45394,20288,傳送控制戒指,1,1,1000
45394,40093,空的魔法卷軸(等級4),1,1,10000
45394,40105,傲慢之塔移動卷軸(21F),1,1,10000
45394,40183,魔法書(冰錐),1,1,10000
45394,40186,魔法書(造屍術),1,1,10000
45394,40195,魔法書(冰矛圍籬),1,1,10000
45394,40196,魔法書(召喚術),1,1,5000
45394,40204,魔法書(冰雪暴),1,1,10000
45394,40237,精靈水晶(釋放元素),1,1,10000
45394,40254,精靈水晶(生命之泉),1,1,10000
45394,40275,黑暗精靈水晶(雙重破壞),1,1,10000
45394,40277,黑暗精靈水晶(暗影之牙),1,1,10000
45394,49136,記憶水晶(立方：和諧),1,1,200
45397,10,小武士刀,1,1,5000
45397,176,拉斯塔巴德弓,1,1,5000
45397,20102,拉斯塔巴德皮盔甲,1,1,1000
45397,20199,拉斯塔巴德長靴,1,1,5000
45397,40013,自我加速藥水,1,1,100000
45397,40016,慎重藥水,1,1,50000
45397,40100,瞬間移動卷軸,1,1,100000
45397,40119,解除咀咒的卷軸,1,1,100000
45397,40308,金幣,241,390,1000000
45397,40427,黑暗妖精袋子,1,1,50000
45397,40444,黑色米索莉原石,1,1,10000
45397,40524,黑色血痕,1,1,10000
45398,38,拉斯塔巴德長劍,1,1,5000
45398,20102,拉斯塔巴德皮盔甲,1,1,1000
45398,20199,拉斯塔巴德長靴,1,1,5000
45398,40013,自我加速藥水,1,1,100000
45398,40016,慎重藥水,1,1,50000
45398,40074,對盔甲施法的卷軸,1,1,10000
45398,40087,對武器施法的卷軸,1,1,10000
45398,40100,瞬間移動卷軸,1,1,100000
45398,40119,解除咀咒的卷軸,1,1,100000
45398,40200,魔法書(狂暴術),1,1,10000
45398,40266,黑暗精靈水晶(附加劇毒),1,1,10000
45398,40269,黑暗精靈水晶(力量提升),1,1,10000
45398,40271,黑暗精靈水晶(燃燒鬥志),1,1,10000
45398,40272,黑暗精靈水晶(暗黑盲咒),1,1,10000
45398,40308,金幣,241,390,1000000
45398,40427,黑暗妖精袋子,1,1,50000
45398,40444,黑色米索莉原石,1,1,10000
45398,40524,黑色血痕,1,1,10000
45398,40899,鋼鐵原石,1,1,5000
45399,20011,抗魔法頭盔,1,1,10000
45399,40013,自我加速藥水,1,1,300000
45399,40014,勇敢藥水,1,1,100000
45399,40015,藍色藥水,1,1,100000
45399,40074,對盔甲施法的卷軸,1,1,10000
45399,40090,空的魔法卷軸(等級1),1,1,10000
45399,40091,空的魔法卷軸(等級2),1,1,10000
45399,40105,傲慢之塔移動卷軸(21F),1,1,10000
45399,40171,魔法書(通暢氣脈術),1,1,10000
45399,40187,魔法書(體魄強健術),1,1,10000
45399,40277,黑暗精靈水晶(暗影之牙),1,1,10000
45400,40167,古老皮袋,1,1,100000
45400,40168,古老絲袋,1,1,100000
45400,40415,遺物袋子,1,1,100000
45401,20140,被遺忘的皮盔甲,1,1,10000
45401,20303,抗魔戒指,1,1,10000
45401,40007,烏木魔杖,1,1,1000
45401,40010,治癒藥水,1,1,300000
45401,40011,強力治癒藥水,1,1,100000
45401,40012,終極治癒藥水,1,1,100000
45401,40013,自我加速藥水,1,1,100000
45401,40014,勇敢藥水,1,1,10000
45401,40015,藍色藥水,1,1,10000
45401,40016,慎重藥水,1,1,10000
45401,40017,翡翠藥水,1,1,50000
45401,40018,強化 綠色藥水,1,1,10000
45401,40019,濃縮體力恢復劑,1,1,10000
45401,40020,濃縮強力體力恢復劑,1,1,10000
45401,40021,濃縮終極體力恢復劑,1,1,10000
45401,40068,精靈餅乾,1,1,10000
45401,40089,復活卷軸,1,1,10000
45401,40090,空的魔法卷軸(等級1),1,1,10000
45401,40091,空的魔法卷軸(等級2),1,1,10000
45401,40092,空的魔法卷軸(等級3),1,1,10000
45401,40093,空的魔法卷軸(等級4),1,1,10000
45401,40094,空的魔法卷軸(等級5),1,1,10000
45401,40119,解除咀咒的卷軸,1,1,10000
45401,40126,鑑定卷軸,1,1,10000
45401,49046,蜘蛛腿肉,1,1,0
45402,145,狂戰士斧,1,1,1000
45402,40013,自我加速藥水,1,1,100000
45402,40018,強化 綠色藥水,1,1,100000
45402,40074,對盔甲施法的卷軸,1,1,10000
45402,40087,對武器施法的卷軸,1,1,10000
45402,40107,傲慢之塔移動卷軸(41F),1,1,10000
45402,40187,魔法書(體魄強健術),1,1,10000
45403,40011,強力治癒藥水,1,1,100000
45403,40013,自我加速藥水,1,1,100000
45403,40014,勇敢藥水,1,1,100000
45403,40016,慎重藥水,1,1,100000
45403,40018,強化 綠色藥水,1,1,100000
45403,40074,對盔甲施法的卷軸,1,1,10000
45403,40107,傲慢之塔移動卷軸(41F),1,1,10000
45403,40171,魔法書(通暢氣脈術),1,1,10000
45403,40191,魔法書(烈炎術),1,1,10000
45404,38,拉斯塔巴德長劍,1,1,5000
45404,20102,拉斯塔巴德皮盔甲,1,1,1000
45404,20199,拉斯塔巴德長靴,1,1,5000
45404,40010,治癒藥水,1,1,100000
45404,40013,自我加速藥水,1,1,100000
45404,40016,慎重藥水,1,1,50000
45404,40074,對盔甲施法的卷軸,1,1,10000
45404,40087,對武器施法的卷軸,1,1,10000
45404,40100,瞬間移動卷軸,1,1,100000
45404,40119,解除咀咒的卷軸,1,1,100000
45404,40200,魔法書(狂暴術),1,1,10000
45404,40269,黑暗精靈水晶(力量提升),1,1,10000
45404,40271,黑暗精靈水晶(燃燒鬥志),1,1,10000
45404,40272,黑暗精靈水晶(暗黑盲咒),1,1,10000
45404,40432,狄亞得卷軸碎片,1,1,50000
45404,40444,黑色米索莉原石,1,1,10000
45404,40524,黑色血痕,1,1,10000
45404,40899,鋼鐵原石,1,1,10000
45405,116,黑法師之杖,1,1,5000
45405,20121,黑法師長袍,1,1,5000
45405,20257,黑法師項鍊,1,1,100
45405,40012,終極治癒藥水,1,1,50000
45405,40013,自我加速藥水,1,1,100000
45405,40015,藍色藥水,1,1,50000
45405,40017,翡翠藥水,1,1,100000
45405,40427,黑暗妖精袋子,1,1,50000
45405,40446,黑法師戒指,1,1,5000
45405,40490,黑暗元素石,1,1,50000
45405,49133,記憶水晶(恐慌),1,1,200
45406,20032,黑暗頭飾,1,1,10000
45406,40015,藍色藥水,1,1,100000
45406,40016,慎重藥水,1,1,100000
45406,40087,對武器施法的卷軸,1,1,10000
45406,40105,傲慢之塔移動卷軸(21F),1,1,10000
45406,40178,魔法書(木乃伊的詛咒),1,1,10000
45406,40189,魔法書(魔法相消術),1,1,10000
45406,40192,魔法書(弱化術),1,1,10000
45406,40201,魔法書(疾病術),1,1,10000
45406,40277,黑暗精靈水晶(暗影之牙),1,1,10000
45406,40279,黑暗精靈水晶(閃避提升),1,1,10000
45406,40307,沙哈之石,1,1,10000
45406,240087,對武器施法的卷軸,1,1,5000
45407,40007,烏木魔杖,1,1,5000
45407,40010,治癒藥水,1,1,300000
45407,40011,強力治癒藥水,1,1,200000
45407,40012,終極治癒藥水,1,1,100000
45407,40013,自我加速藥水,1,1,100000
45407,40014,勇敢藥水,1,1,50000
45407,40016,慎重藥水,1,1,50000
45407,40017,翡翠藥水,1,1,300000
45407,40018,強化 綠色藥水,1,1,10000
45407,40019,濃縮體力恢復劑,1,1,100000
45407,40020,濃縮強力體力恢復劑,1,1,50000
45407,40021,濃縮終極體力恢復劑,1,1,20000
45407,40090,空的魔法卷軸(等級1),1,1,100000
45407,40091,空的魔法卷軸(等級2),1,1,100000
45407,40092,空的魔法卷軸(等級3),1,1,100000
45407,40104,傲慢之塔移動卷軸(11F),1,1,20000
45407,40119,解除咀咒的卷軸,1,1,50000
45407,40126,鑑定卷軸,1,1,50000
45407,40397,奇美拉之皮(龍),1,1,100000
45407,40398,奇美拉之皮(山羊),1,1,100000
45407,40399,奇美拉之皮(獅子),1,1,100000
45407,40400,奇美拉之皮(蛇),1,1,100000
45407,49112,龍騎士書板(致命身軀),1,1,5000
45407,49128,記憶水晶(幻想),1,1,3500
45408,40013,自我加速藥水,1,1,100000
45408,40017,翡翠藥水,1,1,100000
45408,40018,強化 綠色藥水,1,1,50000
45408,40089,復活卷軸,1,1,50000
45408,40200,魔法書(狂暴術),1,1,10000
45408,40215,魔法書(火風暴),1,1,10000
45408,40256,精靈水晶(火焰武器),1,1,10000
45408,40257,精靈水晶(烈炎氣息),1,1,10000
45408,40305,帕格里奧之石,1,1,10000
45408,40308,金幣,253,410,1000000
45408,40472,地獄犬之皮,1,1,50000
45409,40012,終極治癒藥水,1,1,100000
45409,40015,藍色藥水,1,1,100000
45409,40016,慎重藥水,1,1,100000
45409,40018,強化 綠色藥水,1,1,10000
45409,40105,傲慢之塔移動卷軸(21F),1,1,10000
45409,40119,解除咀咒的卷軸,1,1,100000
45409,40307,沙哈之石,1,1,10000
45409,49134,記憶水晶(疼痛的歡愉),1,1,500
45409,140100,瞬間移動卷軸,1,1,100000
45411,10,小武士刀,1,1,5000
45411,188,拉斯塔巴德重十字弓,1,1,5000
45411,40013,自我加速藥水,1,1,100000
45411,40015,藍色藥水,1,1,100000
45411,40074,對盔甲施法的卷軸,1,1,10000
45411,40087,對武器施法的卷軸,1,1,10000
45411,40100,瞬間移動卷軸,1,1,100000
45411,40119,解除咀咒的卷軸,1,1,100000
45411,40197,魔法書(神聖疾走),1,1,5000
45411,40266,黑暗精靈水晶(附加劇毒),1,1,10000
45411,40271,黑暗精靈水晶(燃燒鬥志),1,1,10000
45411,40273,黑暗精靈水晶(毒性抵抗),1,1,10000
45411,40432,狄亞得卷軸碎片,1,1,50000
45411,40444,黑色米索莉原石,1,1,10000
45411,40524,黑色血痕,1,1,10000
45411,40899,鋼鐵原石,1,1,10000
45412,101,拉斯塔巴德矛,1,1,5000
45412,20104,拉斯塔巴德銀釘皮盔甲,1,1,5000
45412,20224,拉斯塔巴德圓盾,1,1,500
45412,40010,治癒藥水,1,1,100000
45412,40011,強力治癒藥水,1,1,100000
45412,40013,自我加速藥水,1,1,100000
45412,40014,勇敢藥水,1,1,100000
45412,40016,慎重藥水,1,1,100000
45412,40074,對盔甲施法的卷軸,1,1,10000
45412,40087,對武器施法的卷軸,1,1,10000
45412,40100,瞬間移動卷軸,1,1,100000
45412,40119,解除咀咒的卷軸,1,1,100000
45412,40267,黑暗精靈水晶(影之防護),1,1,10000
45412,40271,黑暗精靈水晶(燃燒鬥志),1,1,10000
45412,40277,黑暗精靈水晶(暗影之牙),1,1,10000
45412,40432,狄亞得卷軸碎片,1,1,50000
45412,40444,黑色米索莉原石,1,1,10000
45412,40524,黑色血痕,1,1,10000
45412,40899,鋼鐵原石,1,1,10000
45413,40630,迪哥的舊日記,1,1,1000000
45414,20053,狼皮斗篷,1,1,3000
45414,40013,自我加速藥水,1,1,100000
45414,40014,勇敢藥水,1,1,100000
45414,40074,對盔甲施法的卷軸,1,1,10000
45414,40087,對武器施法的卷軸,1,1,10000
45414,40100,瞬間移動卷軸,1,1,100000
45414,40119,解除咀咒的卷軸,1,1,100000
45414,40266,黑暗精靈水晶(附加劇毒),1,1,10000
45414,40267,黑暗精靈水晶(影之防護),1,1,10000
45414,40271,黑暗精靈水晶(燃燒鬥志),1,1,10000
45414,40273,黑暗精靈水晶(毒性抵抗),1,1,10000
45414,40274,黑暗精靈水晶(敏捷提升),1,1,10000
45414,40275,黑暗精靈水晶(雙重破壞),1,1,10000
45414,40308,金幣,265,429,1000000
45414,40427,黑暗妖精袋子,1,1,50000
45414,40454,馴獸師戒指,1,1,5000
45415,82,拉斯塔巴德雙刀,1,1,5000
45415,20105,拉斯塔巴德鏈甲,1,1,5000
45415,40013,自我加速藥水,1,1,50000
45415,40016,慎重藥水,1,1,50000
45415,40074,對盔甲施法的卷軸,1,1,10000
45415,40087,對武器施法的卷軸,1,1,10000
45415,40119,解除咀咒的卷軸,1,1,50000
45415,40219,魔法書(流星雨),1,1,100
45415,40267,黑暗精靈水晶(影之防護),1,1,10000
45415,40271,黑暗精靈水晶(燃燒鬥志),1,1,10000
45415,40273,黑暗精靈水晶(毒性抵抗),1,1,10000
45415,40275,黑暗精靈水晶(雙重破壞),1,1,10000
45415,40277,黑暗精靈水晶(暗影之牙),1,1,10000
45415,40308,金幣,265,429,1000000
45415,40429,大洞穴卷軸碎片,1,1,50000
45415,40444,黑色米索莉原石,1,1,10000
45415,40524,黑色血痕,1,1,10000
45415,40899,鋼鐵原石,1,1,10000
45415,140100,瞬間移動卷軸,1,1,50000
45416,8,米索莉短劍,1,1,5000
45416,9,奧里哈魯根短劍,1,1,1000
45416,20177,地靈手套,1,1,5000
45416,40013,自我加速藥水,1,1,100000
45416,40044,鑽石,1,1,10000
45416,40045,紅寶石,1,1,10000
45416,40046,藍寶石,1,1,10000
45416,40047,綠寶石,1,1,10000
45416,40048,品質鑽石,1,1,5000
45416,40049,品質紅寶石,1,1,5000
45416,40050,品質藍寶石,1,1,5000
45416,40051,品質綠寶石,1,1,5000
45416,40216,魔法書(藥水霜化術),1,1,5000
45416,40249,精靈水晶(大地屏障),1,1,1000
45416,40252,精靈水晶(體能激發),1,1,10000
45416,40304,馬普勒之石,1,1,10000
45416,40308,金幣,265,429,1000000
45416,49161,精靈的私語,1,1,100000
45417,40167,古老皮袋,1,1,100000
45417,40168,古老絲袋,1,1,100000
45417,40415,遺物袋子,1,1,100000
45418,8,米索莉短劍,1,1,5000
45418,9,奧里哈魯根短劍,1,1,1000
45418,20189,風靈手套,1,1,5000
45418,40013,自我加速藥水,1,1,100000
45418,40044,鑽石,1,1,10000
45418,40045,紅寶石,1,1,10000
45418,40046,藍寶石,1,1,10000
45418,40047,綠寶石,1,1,10000
45418,40048,品質鑽石,1,1,5000
45418,40049,品質紅寶石,1,1,5000
45418,40050,品質藍寶石,1,1,5000
45418,40051,品質綠寶石,1,1,5000
45418,40216,魔法書(藥水霜化術),1,1,5000
45418,40240,精靈水晶(三重矢),1,1,10000
45418,40264,精靈水晶(風之枷鎖),1,1,10000
45418,40307,沙哈之石,1,1,10000
45418,40308,金幣,265,429,1000000
45418,49161,精靈的私語,1,1,100000
45419,8,米索莉短劍,1,1,5000
45419,9,奧里哈魯根短劍,1,1,1000
45419,20172,水靈手套,1,1,5000
45419,40013,自我加速藥水,1,1,100000
45419,40044,鑽石,1,1,10000
45419,40045,紅寶石,1,1,10000
45419,40046,藍寶石,1,1,10000
45419,40047,綠寶石,1,1,10000
45419,40048,品質鑽石,1,1,5000
45419,40049,品質紅寶石,1,1,5000
45419,40050,品質藍寶石,1,1,5000
45419,40051,品質綠寶石,1,1,5000
45419,40211,魔法書(沉睡之霧),1,1,10000
45419,40246,精靈水晶(鏡反射),1,1,10000
45419,40253,精靈水晶(水之元氣),1,1,10000
45419,40306,伊娃之石,1,1,10000
45419,40308,金幣,265,429,1000000
45419,49161,精靈的私語,1,1,100000
45420,20015,力量魔法頭盔,1,1,10000
45420,20101,皮甲,1,1,10000
45420,20162,皮手套,1,1,5000
45420,40014,勇敢藥水,1,1,100000
45420,40075,毀滅盔甲的卷軸,1,1,10000
45420,40087,對武器施法的卷軸,1,1,10000
45420,40177,魔法書(岩牢),1,1,10000
45420,40187,魔法書(體魄強健術),1,1,10000
45420,40192,魔法書(弱化術),1,1,10000
45420,40196,魔法書(召喚術),1,1,5000
45420,40207,魔法書(震裂術),1,1,10000
45420,40209,魔法書(魔法封印),1,1,10000
45420,40240,精靈水晶(三重矢),1,1,10000
45420,40248,精靈水晶(地面障礙),1,1,10000
45420,40250,精靈水晶(大地的祝福),1,1,10000
45420,40307,沙哈之石,1,1,10000
45420,40308,金幣,265,429,1000000
45420,49134,記憶水晶(疼痛的歡愉),1,1,200
45420,140074,對盔甲施法的卷軸,1,1,10000
45420,140087,對武器施法的卷軸,1,1,10000
45420,220101,皮甲,1,1,5000
45421,40654,第三迷宮鑰匙,1,1,1000000
45422,20289,深淵戒指,1,1,10000
45422,40011,強力治癒藥水,1,1,100000
45422,40013,自我加速藥水,1,1,100000
45422,40043,兔子的肝,1,1,10000
45422,40048,品質鑽石,1,1,10000
45422,40049,品質紅寶石,1,1,10000
45422,40050,品質藍寶石,1,1,10000
45422,40051,品質綠寶石,1,1,10000
45422,40052,高品質鑽石,1,1,5000
45422,40053,高品質紅寶石,1,1,5000
45422,40054,高品質藍寶石,1,1,5000
45422,40055,高品質綠寶石,1,1,5000
45422,40074,對盔甲施法的卷軸,1,1,10000
45422,40240,精靈水晶(三重矢),1,1,10000
45422,40242,精靈水晶(魔法消除),1,1,10000
45422,40253,精靈水晶(水之元氣),1,1,10000
45422,40306,伊娃之石,1,1,10000
45422,40308,金幣,3000,10000,1000000
45422,49115,龍騎士書板(寒冰噴吐),1,1,5000
45422,49263,巨王龜肉,1,1,0
45423,20289,深淵戒指,1,1,10000
45423,40013,自我加速藥水,1,1,50000
45423,40241,精靈水晶(弱化屬性),1,1,10000
45423,40242,精靈水晶(魔法消除),1,1,10000
45423,40264,精靈水晶(風之枷鎖),1,1,10000
45423,40304,馬普勒之石,1,1,10000
45423,40305,帕格里奧之石,1,1,10000
45423,40306,伊娃之石,1,1,10000
45423,40307,沙哈之石,1,1,10000
45423,40308,金幣,265,429,1000000
45424,8,米索莉短劍,1,1,5000
45424,9,奧里哈魯根短劍,1,1,1000
45424,20181,火靈手套,1,1,5000
45424,40013,自我加速藥水,1,1,100000
45424,40044,鑽石,1,1,10000
45424,40045,紅寶石,1,1,10000
45424,40046,藍寶石,1,1,10000
45424,40047,綠寶石,1,1,10000
45424,40048,品質鑽石,1,1,5000
45424,40049,品質紅寶石,1,1,5000
45424,40050,品質藍寶石,1,1,5000
45424,40051,品質綠寶石,1,1,5000
45424,40215,魔法書(火風暴),1,1,10000
45424,40240,精靈水晶(三重矢),1,1,10000
45424,40259,精靈水晶(屬性之火),1,1,10000
45424,40305,帕格里奧之石,1,1,10000
45424,40308,金幣,265,429,1000000
45424,49105,龍騎士書板(岩漿噴吐),1,1,10000
45424,49161,精靈的私語,1,1,100000
45425,116,黑法師之杖,1,1,5000
45425,20121,黑法師長袍,1,1,5000
45425,20257,黑法師項鍊,1,1,100
45425,40012,終極治癒藥水,1,1,50000
45425,40013,自我加速藥水,1,1,50000
45425,40015,藍色藥水,1,1,50000
45425,40016,慎重藥水,1,1,100000
45425,40017,翡翠藥水,1,1,50000
45425,40279,黑暗精靈水晶(閃避提升),1,1,10000
45425,40446,黑法師戒指,1,1,5000
45425,40490,黑暗元素石,1,1,50000
45440,20070,黑暗斗蓬,1,1,5000
45440,40013,自我加速藥水,1,1,100000
45440,40018,強化 綠色藥水,1,1,50000
45440,40020,濃縮強力體力恢復劑,1,1,100000
45440,40100,瞬間移動卷軸,1,1,300000
45440,40106,傲慢之塔移動卷軸(31F),1,1,10000
45440,40173,魔法書(吸血鬼之吻),1,1,10000
45440,40185,魔法書(黑闇之影),1,1,10000
45440,40192,魔法書(弱化術),1,1,10000
45440,40201,魔法書(疾病術),1,1,10000
45440,40217,魔法書(強力無所遁形術),1,1,10000
45440,40240,精靈水晶(三重矢),1,1,10000
45440,140100,瞬間移動卷軸,1,1,100000
45445,167,受封印 被遺忘的弩槍,1,1,10000
45445,20023,風之頭盔,1,1,5000
45445,20141,被遺忘的長袍,1,1,10000
45445,20280,滅魔戒指,1,1,1000
45445,40010,治癒藥水,1,1,300000
45445,40011,強力治癒藥水,1,1,100000
45445,40012,終極治癒藥水,1,1,100000
45445,40013,自我加速藥水,1,1,100000
45445,40014,勇敢藥水,1,1,10000
45445,40015,藍色藥水,1,1,10000
45445,40016,慎重藥水,1,1,10000
45445,40017,翡翠藥水,1,1,50000
45445,40018,強化 綠色藥水,1,1,10000
45445,40019,濃縮體力恢復劑,1,1,10000
45445,40020,濃縮強力體力恢復劑,1,1,10000
45445,40021,濃縮終極體力恢復劑,1,1,10000
45445,40068,精靈餅乾,1,1,10000
45445,40089,復活卷軸,1,1,10000
45445,40090,空的魔法卷軸(等級1),1,1,10000
45445,40091,空的魔法卷軸(等級2),1,1,10000
45445,40092,空的魔法卷軸(等級3),1,1,10000
45445,40093,空的魔法卷軸(等級4),1,1,10000
45445,40094,空的魔法卷軸(等級5),1,1,10000
45445,40119,解除咀咒的卷軸,1,1,10000
45445,40126,鑑定卷軸,1,1,10000
45445,40307,沙哈之石,1,1,10000
45445,49261,格利芬肉,1,1,0
45446,10,小武士刀,1,1,5000
45446,176,拉斯塔巴德弓,1,1,5000
45446,20102,拉斯塔巴德皮盔甲,1,1,1000
45446,20199,拉斯塔巴德長靴,1,1,5000
45446,40010,治癒藥水,1,1,100000
45446,40011,強力治癒藥水,1,1,100000
45446,40013,自我加速藥水,1,1,100000
45446,40016,慎重藥水,1,1,50000
45446,40074,對盔甲施法的卷軸,1,1,10000
45446,40087,對武器施法的卷軸,1,1,10000
45446,40100,瞬間移動卷軸,1,1,100000
45446,40119,解除咀咒的卷軸,1,1,100000
45446,40209,魔法書(魔法封印),1,1,10000
45446,40216,魔法書(藥水霜化術),1,1,5000
45446,40217,魔法書(強力無所遁形術),1,1,10000
45446,40266,黑暗精靈水晶(附加劇毒),1,1,10000
45446,40269,黑暗精靈水晶(力量提升),1,1,10000
45446,40271,黑暗精靈水晶(燃燒鬥志),1,1,10000
45446,40272,黑暗精靈水晶(暗黑盲咒),1,1,10000
45446,40432,狄亞得卷軸碎片,1,1,50000
45446,40444,黑色米索莉原石,1,1,10000
45446,40524,黑色血痕,1,1,10000
45446,40746,米索莉箭,30,100,10000
45447,122,拉斯塔巴德魔杖,1,1,5000
45447,20103,拉斯塔巴德長袍,1,1,5000
45447,40013,自我加速藥水,1,1,100000
45447,40016,慎重藥水,1,1,100000
45447,40074,對盔甲施法的卷軸,1,1,10000
45447,40087,對武器施法的卷軸,1,1,10000
45447,40100,瞬間移動卷軸,1,1,100000
45447,40119,解除咀咒的卷軸,1,1,100000
45447,40200,魔法書(狂暴術),1,1,10000
45447,40211,魔法書(沉睡之霧),1,1,10000
45447,40213,魔法書(聖結界),1,1,1000
45447,40217,魔法書(強力無所遁形術),1,1,10000
45447,40219,魔法書(流星雨),1,1,100
45447,40221,魔法書(集體緩速術),1,1,10000
45447,40224,魔法書(靈魂昇華),1,1,100
45447,40271,黑暗精靈水晶(燃燒鬥志),1,1,10000
45447,40272,黑暗精靈水晶(暗黑盲咒),1,1,10000
45447,40273,黑暗精靈水晶(毒性抵抗),1,1,10000
45447,40432,狄亞得卷軸碎片,1,1,50000
45447,40444,黑色米索莉原石,1,1,10000
45447,40524,黑色血痕,1,1,10000
45449,20143,被遺忘的金屬盔甲,1,1,10000
45449,20303,抗魔戒指,1,1,10000
45449,40007,烏木魔杖,1,1,1000
45449,40010,治癒藥水,1,1,300000
45449,40011,強力治癒藥水,1,1,100000
45449,40012,終極治癒藥水,1,1,100000
45449,40013,自我加速藥水,1,1,100000
45449,40014,勇敢藥水,1,1,10000
45449,40015,藍色藥水,1,1,10000
45449,40016,慎重藥水,1,1,10000
45449,40017,翡翠藥水,1,1,50000
45449,40018,強化 綠色藥水,1,1,10000
45449,40019,濃縮體力恢復劑,1,1,10000
45449,40020,濃縮強力體力恢復劑,1,1,10000
45449,40021,濃縮終極體力恢復劑,1,1,10000
45449,40068,精靈餅乾,1,1,10000
45449,40076,古代的卷軸,1,1,1000
45449,40089,復活卷軸,1,1,10000
45449,40090,空的魔法卷軸(等級1),1,1,10000
45449,40091,空的魔法卷軸(等級2),1,1,10000
45449,40092,空的魔法卷軸(等級3),1,1,10000
45449,40093,空的魔法卷軸(等級4),1,1,10000
45449,40094,空的魔法卷軸(等級5),1,1,10000
45449,40119,解除咀咒的卷軸,1,1,10000
45449,40126,鑑定卷軸,1,1,10000
45449,40304,馬普勒之石,1,1,10000
45449,49126,記憶水晶(立方：地裂),1,1,2500
45450,20281,變形控制戒指,1,1,1000
45450,20288,傳送控制戒指,1,1,1000
45450,40015,藍色藥水,1,3,50000
45450,40016,慎重藥水,1,3,50000
45450,40318,魔法寶石,1,3,100000
45450,40443,黑色米索莉,1,1,5000
45450,40444,黑色米索莉原石,1,1,50000
45450,40524,黑色血痕,1,1,10000
45450,40718,血石碎片,1,1,50000
45450,49164,間諜報告書,1,1,50000
45451,20070,黑暗斗蓬,1,1,5000
45451,20132,黑暗披肩,1,1,10000
45451,20288,傳送控制戒指,1,1,1000
45451,40015,藍色藥水,1,1,100000
45451,40016,慎重藥水,1,1,100000
45451,40093,空的魔法卷軸(等級4),1,1,10000
45451,40183,魔法書(冰錐),1,1,10000
45451,40184,魔法書(魔力奪取),1,1,10000
45451,40186,魔法書(造屍術),1,1,10000
45451,40195,魔法書(冰矛圍籬),1,1,10000
45451,40196,魔法書(召喚術),1,1,5000
45451,40200,魔法書(狂暴術),1,1,10000
45451,40210,魔法書(雷霆風暴),1,1,5000
45451,40214,魔法書(集體傳送術),1,1,10000
45451,40225,魔法書(冰雪颶風),1,1,5000
45451,40254,精靈水晶(生命之泉),1,1,10000
45451,40255,精靈水晶(生命的祝福),1,1,1000
45451,49136,記憶水晶(立方：和諧),1,1,300
45452,20207,深水長靴,1,1,1000
45452,40007,烏木魔杖,1,1,1000
45452,40010,治癒藥水,1,1,300000
45452,40011,強力治癒藥水,1,1,100000
45452,40012,終極治癒藥水,1,1,100000
45452,40013,自我加速藥水,1,1,100000
45452,40014,勇敢藥水,1,1,10000
45452,40015,藍色藥水,1,1,10000
45452,40016,慎重藥水,1,1,10000
45452,40017,翡翠藥水,1,1,50000
45452,40018,強化 綠色藥水,1,1,10000
45452,40019,濃縮體力恢復劑,1,1,10000
45452,40020,濃縮強力體力恢復劑,1,1,10000
45452,40021,濃縮終極體力恢復劑,1,1,10000
45452,40068,精靈餅乾,1,1,10000
45452,40089,復活卷軸,1,1,10000
45452,40090,空的魔法卷軸(等級1),1,1,10000
45452,40091,空的魔法卷軸(等級2),1,1,10000
45452,40092,空的魔法卷軸(等級3),1,1,10000
45452,40093,空的魔法卷軸(等級4),1,1,10000
45452,40094,空的魔法卷軸(等級5),1,1,10000
45452,40119,解除咀咒的卷軸,1,1,10000
45452,40126,鑑定卷軸,1,1,10000
45452,40307,沙哈之石,1,1,10000
45453,40012,終極治癒藥水,1,1,50000
45453,40013,自我加速藥水,1,1,100000
45453,40014,勇敢藥水,1,1,50000
45453,40018,強化 綠色藥水,1,1,50000
45453,40074,對盔甲施法的卷軸,1,1,10000
45453,40087,對武器施法的卷軸,1,1,10000
45453,49164,間諜報告書,1,1,10000
45453,140074,對盔甲施法的卷軸,1,1,5000
45454,40011,強力治癒藥水,1,1,100000
45454,40013,自我加速藥水,1,1,100000
45454,40014,勇敢藥水,1,1,100000
45454,40016,慎重藥水,1,1,100000
45454,40018,強化 綠色藥水,1,1,100000
45454,40074,對盔甲施法的卷軸,1,1,10000
45454,40089,復活卷軸,1,1,100000
45454,40107,傲慢之塔移動卷軸(41F),1,1,10000
45454,40200,魔法書(狂暴術),1,1,10000
45454,40277,黑暗精靈水晶(暗影之牙),1,1,10000
45454,140100,瞬間移動卷軸,1,1,100000
45455,20011,抗魔法頭盔,1,1,10000
45455,40018,強化 綠色藥水,1,1,100000
45455,40074,對盔甲施法的卷軸,1,1,10000
45455,40088,變形卷軸,1,1,100000
45455,40107,傲慢之塔移動卷軸(41F),1,1,10000
45455,40279,黑暗精靈水晶(閃避提升),1,1,10000
45455,49134,記憶水晶(疼痛的歡愉),1,1,900
45456,20029,西瑪之帽,1,1,300
45456,20063,保護者斗篷,1,1,5000
45456,20182,手套,1,1,5000
45456,20256,敏捷項鍊,1,1,1000
45456,20264,力量項鍊,1,1,1000
45456,20266,智力項鍊,1,1,1000
45456,20267,精神項鍊,1,1,1000
45456,20281,變形控制戒指,1,1,1000
45456,20284,召喚控制戒指,1,1,3000
45456,20288,傳送控制戒指,1,1,1000
45456,40006,松木魔杖,1,1,100
45456,40008,楓木魔杖,1,1,1000
45456,40013,自我加速藥水,1,1,300000
45456,40015,藍色藥水,1,1,300000
45456,40018,強化 綠色藥水,1,1,300000
45456,40044,鑽石,1,1,50000
45456,40119,解除咀咒的卷軸,1,1,300000
45456,40171,魔法書(通暢氣脈術),1,1,10000
45456,40179,魔法書(極道落雷),1,1,10000
45456,40180,魔法書(高級治癒術),1,1,10000
45456,40192,魔法書(弱化術),1,1,10000
45456,40199,魔法書(強力加速術),1,1,10000
45456,40233,精靈水晶(心靈轉換),1,1,10000
45456,40241,精靈水晶(弱化屬性),1,1,10000
45456,40260,精靈水晶(風之神射),1,1,10000
45456,40262,精靈水晶(暴風之眼),1,1,10000
45456,40308,金幣,292,470,1000000
45456,40617,水晶球,1,1,5000
45456,40907,西瑪戒指,1,1,1000
45456,40908,歐林戒指,1,1,1000
45456,140074,對盔甲施法的卷軸,1,1,5000
45456,140087,對武器施法的卷軸,1,1,5000
45456,140100,瞬間移動卷軸,1,1,300000
45457,20280,滅魔戒指,1,1,1000
45457,40007,烏木魔杖,1,1,1000
45457,40010,治癒藥水,1,1,300000
45457,40011,強力治癒藥水,1,1,100000
45457,40012,終極治癒藥水,1,1,100000
45457,40013,自我加速藥水,1,1,100000
45457,40014,勇敢藥水,1,1,10000
45457,40015,藍色藥水,1,1,10000
45457,40016,慎重藥水,1,1,10000
45457,40017,翡翠藥水,1,1,50000
45457,40018,強化 綠色藥水,1,1,10000
45457,40019,濃縮體力恢復劑,1,1,10000
45457,40020,濃縮強力體力恢復劑,1,1,10000
45457,40021,濃縮終極體力恢復劑,1,1,10000
45457,40068,精靈餅乾,1,1,10000
45457,40076,古代的卷軸,1,1,1000
45457,40089,復活卷軸,1,1,10000
45457,40090,空的魔法卷軸(等級1),1,1,10000
45457,40091,空的魔法卷軸(等級2),1,1,10000
45457,40092,空的魔法卷軸(等級3),1,1,10000
45457,40093,空的魔法卷軸(等級4),1,1,10000
45457,40094,空的魔法卷軸(等級5),1,1,10000
45457,40119,解除咀咒的卷軸,1,1,10000
45457,40126,鑑定卷軸,1,1,10000
45458,33,榮耀之劍,1,1,500
45458,39,短刀,1,1,10000
45458,43,海賊彎刀,1,1,10000
45458,79,深淵雙刀,1,1,5000
45458,118,漆黑水晶球,1,1,5000
45458,178,寂靜十字弓,1,1,5000
45458,20234,信念之盾,1,1,5000
45458,40018,強化 綠色藥水,1,1,100000
45458,40044,鑽石,1,1,50000
45458,40045,紅寶石,1,1,50000
45458,40046,藍寶石,1,1,50000
45458,40047,綠寶石,1,1,50000
45458,40048,品質鑽石,1,1,10000
45458,40049,品質紅寶石,1,1,10000
45458,40050,品質藍寶石,1,1,10000
45458,40051,品質綠寶石,1,1,10000
45458,40052,高品質鑽石,1,1,5000
45458,40053,高品質紅寶石,1,1,5000
45458,40054,高品質藍寶石,1,1,5000
45458,40055,高品質綠寶石,1,1,5000
45458,40093,空的魔法卷軸(等級4),1,1,5000
45458,40175,魔法書(魔法屏障),1,1,10000
45458,40213,魔法書(聖結界),1,1,1000
45458,40224,魔法書(靈魂昇華),1,1,100
45458,40241,精靈水晶(弱化屬性),1,1,10000
45458,40259,精靈水晶(屬性之火),1,1,10000
45458,40306,伊娃之石,1,1,5000
45458,40307,沙哈之石,1,1,5000
45458,40308,金幣,292,470,1000000
45458,40330,無限箭筒,1,1,10000
45458,40471,精靈碎片,1,1,100000
45458,40621,德雷克鑰匙,1,1,700000
45458,49114,龍騎士書板(驚悚死神),1,1,1000
45458,220293,受詛咒的鑽石戒指,1,1,10000
45458,220294,受詛咒的紅寶石戒指,1,1,10000
45458,220295,受詛咒的藍寶石戒指,1,1,10000
45458,220296,受詛咒的綠寶石戒指,1,1,10000
45459,40618,土之氣息,1,1,10000
45459,40635,法令軍團印記,1,1,10000
45459,40636,法令軍王印記盒,1,1,10000
45459,40675,黑暗礦石,1,1,10000
45460,40635,法令軍團印記,1,1,10000
45460,40636,法令軍王印記盒,1,1,10000
45460,40643,水之氣息,1,1,10000
45460,40675,黑暗礦石,1,1,10000
45460,49111,龍騎士書板(覺醒：法利昂),1,1,10000
45461,40635,法令軍團印記,1,1,10000
45461,40636,法令軍王印記盒,1,1,10000
45461,40645,風之氣息,1,1,10000
45461,40675,黑暗礦石,1,1,10000
45462,40635,法令軍團印記,1,1,10000
45462,40636,法令軍王印記盒,1,1,10000
45462,40651,火之氣息,1,1,10000
45462,40675,黑暗礦石,1,1,10000
45463,40167,古老皮袋,1,1,100000
45463,40168,古老絲袋,1,1,100000
45463,40415,遺物袋子,1,1,100000
45464,20029,西瑪之帽,1,1,300
45464,20063,保護者斗篷,1,1,10000
45464,20182,手套,1,1,10000
45464,20256,敏捷項鍊,1,1,5000
45464,20284,召喚控制戒指,1,1,7000
45464,40006,松木魔杖,1,1,500
45464,40008,楓木魔杖,1,1,5000
45464,40013,自我加速藥水,1,1,300000
45464,40015,藍色藥水,1,1,300000
45464,40018,強化 綠色藥水,1,1,300000
45464,40044,鑽石,1,1,50000
45464,40048,品質鑽石,1,1,50000
45464,40052,高品質鑽石,1,1,10000
45464,40093,空的魔法卷軸(等級4),1,1,300000
45464,40119,解除咀咒的卷軸,1,1,300000
45464,40171,魔法書(通暢氣脈術),1,1,50000
45464,40179,魔法書(極道落雷),1,1,50000
45464,40188,魔法書(加速術),1,1,50000
45464,40192,魔法書(弱化術),1,1,50000
45464,40199,魔法書(強力加速術),1,1,50000
45464,40233,精靈水晶(心靈轉換),1,1,50000
45464,40241,精靈水晶(弱化屬性),1,1,50000
45464,40260,精靈水晶(風之神射),1,1,50000
45464,40262,精靈水晶(暴風之眼),1,1,50000
45464,40617,水晶球,1,1,5000
45464,40907,西瑪戒指,1,1,1000
45464,40908,歐林戒指,1,1,1000
45464,140074,對盔甲施法的卷軸,1,1,10000
45464,140087,對武器施法的卷軸,1,1,10000
45464,140100,瞬間移動卷軸,1,1,300000
45465,40635,法令軍團印記,1,1,10000
45465,40636,法令軍王印記盒,1,1,10000
45465,40675,黑暗礦石,1,1,10000
45465,40676,闇之氣息,1,1,10000
45466,20030,神官頭飾,1,1,700
45466,20067,神官斗篷,1,1,700
45466,20176,神官手套,1,1,500
45466,20208,神官長靴,1,1,500
45466,20313,黑暗腰帶,1,1,500
45466,40429,大洞穴卷軸碎片,1,1,50000
45466,40640,冥法軍王印記盒,1,1,10000
45466,40642,冥法軍團印記,1,1,10000
45466,40667,暗殺軍團印記,1,1,10000
45466,40668,暗殺軍王印記盒,1,1,10000
45466,40675,黑暗礦石,1,1,10000
45466,40703,心靈支配石,1,1,10000
45467,62,武官雙手劍,1,1,1000
45467,20168,武官手套,1,1,1000
45467,20201,武官長靴,1,1,1000
45467,40013,自我加速藥水,1,1,1000000
45467,40454,馴獸師戒指,1,1,10000
45467,40638,魔獸軍團印記,1,1,10000
45467,40639,魔獸軍王印記盒,1,1,10000
45467,40652,燃燒的皮,1,1,10000
45467,40655,水晶之牙,1,1,10000
45467,40675,黑暗礦石,1,1,10000
45468,40018,強化 綠色藥水,1,1,50000
45468,40089,復活卷軸,1,1,100000
45468,40109,傲慢之塔移動卷軸(61F),1,1,10000
45468,40200,魔法書(狂暴術),1,1,10000
45468,40899,鋼鐵原石,1,1,10000
45469,20143,被遺忘的金屬盔甲,1,1,10000
45469,20207,深水長靴,1,1,1000
45469,20303,抗魔戒指,1,1,10000
45469,40007,烏木魔杖,1,1,1000
45469,40010,治癒藥水,1,1,300000
45469,40011,強力治癒藥水,1,1,100000
45469,40012,終極治癒藥水,1,1,100000
45469,40013,自我加速藥水,1,1,100000
45469,40014,勇敢藥水,1,1,10000
45469,40015,藍色藥水,1,1,10000
45469,40016,慎重藥水,1,1,10000
45469,40017,翡翠藥水,1,1,50000
45469,40018,強化 綠色藥水,1,1,10000
45469,40019,濃縮體力恢復劑,1,1,10000
45469,40020,濃縮強力體力恢復劑,1,1,10000
45469,40021,濃縮終極體力恢復劑,1,1,10000
45469,40068,精靈餅乾,1,1,10000
45469,40089,復活卷軸,1,1,10000
45469,40090,空的魔法卷軸(等級1),1,1,10000
45469,40091,空的魔法卷軸(等級2),1,1,10000
45469,40092,空的魔法卷軸(等級3),1,1,10000
45469,40093,空的魔法卷軸(等級4),1,1,10000
45469,40094,空的魔法卷軸(等級5),1,1,10000
45469,40119,解除咀咒的卷軸,1,1,10000
45469,40126,鑑定卷軸,1,1,10000
45469,40306,伊娃之石,1,1,10000
45469,40317,磨刀石,1,1,10000
45470,20140,被遺忘的皮盔甲,1,1,10000
45470,20303,抗魔戒指,1,1,10000
45470,40007,烏木魔杖,1,1,1000
45470,40010,治癒藥水,1,1,300000
45470,40011,強力治癒藥水,1,1,100000
45470,40012,終極治癒藥水,1,1,100000
45470,40013,自我加速藥水,1,1,100000
45470,40014,勇敢藥水,1,1,10000
45470,40015,藍色藥水,1,1,10000
45470,40016,慎重藥水,1,1,10000
45470,40017,翡翠藥水,1,1,50000
45470,40018,強化 綠色藥水,1,1,10000
45470,40019,濃縮體力恢復劑,1,1,10000
45470,40020,濃縮強力體力恢復劑,1,1,10000
45470,40021,濃縮終極體力恢復劑,1,1,10000
45470,40068,精靈餅乾,1,1,10000
45470,40089,復活卷軸,1,1,10000
45470,40090,空的魔法卷軸(等級1),1,1,10000
45470,40091,空的魔法卷軸(等級2),1,1,10000
45470,40092,空的魔法卷軸(等級3),1,1,10000
45470,40093,空的魔法卷軸(等級4),1,1,10000
45470,40094,空的魔法卷軸(等級5),1,1,10000
45470,40119,解除咀咒的卷軸,1,1,10000
45470,40126,鑑定卷軸,1,1,10000
45470,40304,馬普勒之石,1,1,10000
45471,125,巫術魔法杖,1,1,1000
45471,40014,勇敢藥水,1,1,100000
45471,40049,品質紅寶石,1,1,10000
45471,40106,傲慢之塔移動卷軸(31F),1,1,10000
45471,40203,魔法書(火牢),1,1,10000
45471,40213,魔法書(聖結界),1,1,1000
45471,40278,黑暗精靈水晶(會心一擊),1,1,10000
45471,40305,帕格里奧之石,1,1,10000
45471,41150,精靈水晶(能量激發),1,1,10000
45471,49134,記憶水晶(疼痛的歡愉),1,1,1000
45471,140100,瞬間移動卷軸,1,1,100000
45472,83,狄亞得雙刀,1,1,5000
45472,20105,拉斯塔巴德鏈甲,1,1,5000
45472,40013,自我加速藥水,1,1,100000
45472,40014,勇敢藥水,1,1,100000
45472,40016,慎重藥水,1,1,50000
45472,40074,對盔甲施法的卷軸,1,1,10000
45472,40087,對武器施法的卷軸,1,1,10000
45472,40100,瞬間移動卷軸,1,1,100000
45472,40119,解除咀咒的卷軸,1,1,100000
45472,40193,魔法書(祝福魔法武器),1,1,10000
45472,40197,魔法書(神聖疾走),1,1,5000
45472,40267,黑暗精靈水晶(影之防護),1,1,10000
45472,40271,黑暗精靈水晶(燃燒鬥志),1,1,10000
45472,40273,黑暗精靈水晶(毒性抵抗),1,1,10000
45472,40274,黑暗精靈水晶(敏捷提升),1,1,10000
45472,40275,黑暗精靈水晶(雙重破壞),1,1,10000
45472,40277,黑暗精靈水晶(暗影之牙),1,1,10000
45472,40432,狄亞得卷軸碎片,1,1,50000
45472,40444,黑色米索莉原石,1,1,10000
45472,40524,黑色血痕,1,1,10000
45472,49160,丹特斯的召書,1,1,100000
45473,20025,巴土瑟之帽,1,1,300
45473,20063,保護者斗篷,1,1,10000
45473,20205,長靴,1,1,5000
45473,20266,智力項鍊,1,1,5000
45473,20284,召喚控制戒指,1,1,7000
45473,40006,松木魔杖,1,1,500
45473,40008,楓木魔杖,1,1,5000
45473,40013,自我加速藥水,1,1,300000
45473,40015,藍色藥水,1,1,300000
45473,40018,強化 綠色藥水,1,1,300000
45473,40047,綠寶石,1,1,50000
45473,40051,品質綠寶石,1,1,10000
45473,40055,高品質綠寶石,1,1,10000
45473,40093,空的魔法卷軸(等級4),1,1,300000
45473,40119,解除咀咒的卷軸,1,1,300000
45473,40175,魔法書(魔法屏障),1,1,50000
45473,40177,魔法書(岩牢),1,1,50000
45473,40178,魔法書(木乃伊的詛咒),1,1,50000
45473,40189,魔法書(魔法相消術),1,1,50000
45473,40190,魔法書(地裂術),1,1,50000
45473,40207,魔法書(震裂術),1,1,50000
45473,40235,精靈水晶(淨化精神),1,1,50000
45473,40242,精靈水晶(魔法消除),1,1,50000
45473,40248,精靈水晶(地面障礙),1,1,10000
45473,40250,精靈水晶(大地的祝福),1,1,50000
45473,40617,水晶球,1,1,5000
45473,140074,對盔甲施法的卷軸,1,1,10000
45473,140087,對武器施法的卷軸,1,1,10000
45473,140100,瞬間移動卷軸,1,1,300000
45476,40167,古老皮袋,1,1,100000
45476,40168,古老絲袋,1,1,100000
45476,40415,遺物袋子,1,1,100000
45477,20142,被遺忘的鱗甲,1,1,10000
45477,20321,多羅皮帶,1,1,10000
45477,40010,治癒藥水,1,1,300000
45477,40011,強力治癒藥水,1,1,100000
45477,40012,終極治癒藥水,1,1,100000
45477,40013,自我加速藥水,1,1,100000
45477,40014,勇敢藥水,1,1,10000
45477,40015,藍色藥水,1,1,10000
45477,40016,慎重藥水,1,1,10000
45477,40017,翡翠藥水,1,1,50000
45477,40018,強化 綠色藥水,1,1,10000
45477,40019,濃縮體力恢復劑,1,1,10000
45477,40020,濃縮強力體力恢復劑,1,1,10000
45477,40021,濃縮終極體力恢復劑,1,1,10000
45477,40068,精靈餅乾,1,1,10000
45477,40089,復活卷軸,1,1,10000
45477,40090,空的魔法卷軸(等級1),1,1,10000
45477,40091,空的魔法卷軸(等級2),1,1,10000
45477,40092,空的魔法卷軸(等級3),1,1,10000
45477,40093,空的魔法卷軸(等級4),1,1,10000
45477,40094,空的魔法卷軸(等級5),1,1,10000
45477,40119,解除咀咒的卷軸,1,1,10000
45477,40126,鑑定卷軸,1,1,10000
45477,40304,馬普勒之石,1,1,10000
45479,20187,力量手套,1,1,1000
45479,20300,地靈戒指,1,1,1000
45479,40014,勇敢藥水,1,1,50000
45479,40015,藍色藥水,1,1,50000
45479,40016,慎重藥水,1,1,50000
45479,40108,傲慢之塔移動卷軸(51F),1,1,10000
45479,40119,解除咀咒的卷軸,1,1,300000
45479,40252,精靈水晶(體能激發),1,1,10000
45479,40277,黑暗精靈水晶(暗影之牙),1,1,10000
45479,40304,馬普勒之石,1,1,10000
45479,40408,金屬塊,1,1,100000
45479,40496,粗糙的米索莉塊,1,1,100000
45479,40899,鋼鐵原石,1,1,10000
45479,49130,記憶水晶(幻覺：鑽石高崙),1,1,2000
45480,20264,力量項鍊,1,1,1000
45480,20281,變形控制戒指,1,1,1000
45480,20284,召喚控制戒指,1,1,3000
45480,40006,松木魔杖,1,1,1000
45480,40008,楓木魔杖,1,1,10000
45480,40013,自我加速藥水,1,1,300000
45480,40018,強化 綠色藥水,1,1,100000
45480,40093,空的魔法卷軸(等級4),1,1,100000
45480,40108,傲慢之塔移動卷軸(51F),1,1,10000
45480,40119,解除咀咒的卷軸,1,1,300000
45480,40278,黑暗精靈水晶(會心一擊),1,1,10000
45480,140074,對盔甲施法的卷軸,1,1,5000
45480,140087,對武器施法的卷軸,1,1,5000
45480,140100,瞬間移動卷軸,1,1,300000
45481,2,骰子匕首,1,1,1000
45481,20099,惡魔盔甲,1,1,1000
45481,20264,力量項鍊,1,1,1000
45481,20266,智力項鍊,1,1,1000
45481,20304,火靈戒指,1,1,1000
45481,40013,自我加速藥水,1,1,300000
45481,40015,藍色藥水,1,1,100000
45481,40018,強化 綠色藥水,1,1,50000
45481,40074,對盔甲施法的卷軸,1,1,10000
45481,40087,對武器施法的卷軸,1,1,10000
45481,40089,復活卷軸,1,1,100000
45481,40093,空的魔法卷軸(等級4),1,1,10000
45481,40094,空的魔法卷軸(等級5),1,1,10000
45481,40106,傲慢之塔移動卷軸(31F),1,1,10000
45481,40203,魔法書(火牢),1,1,10000
45481,40242,精靈水晶(魔法消除),1,1,10000
45481,40278,黑暗精靈水晶(會心一擊),1,1,10000
45481,49159,調職命令書,1,1,300000
45481,140089,復活卷軸,1,1,50000
45482,40015,藍色藥水,1,3,50000
45482,40443,黑色米索莉,1,1,5000
45482,40444,黑色米索莉原石,1,1,50000
45482,40524,黑色血痕,1,1,10000
45482,40718,血石碎片,1,1,50000
45482,49164,間諜報告書,1,1,50000
45483,40013,自我加速藥水,1,1,1000000
45483,40454,馴獸師戒指,1,1,10000
45483,40638,魔獸軍團印記,1,1,10000
45483,40639,魔獸軍王印記盒,1,1,10000
45483,40652,燃燒的皮,1,1,10000
45483,40655,水晶之牙,1,1,10000
45483,40675,黑暗礦石,1,1,10000
45485,40006,松木魔杖,1,1,500
45485,40008,楓木魔杖,1,1,5000
45485,40018,強化 綠色藥水,1,1,100000
45485,40053,高品質紅寶石,1,1,10000
45485,40110,傲慢之塔移動卷軸(71F),1,1,10000
45485,40307,沙哈之石,1,1,10000
45486,55,黑暗之劍,1,1,500
45486,20113,武官護鎧,1,1,700
45486,40429,大洞穴卷軸碎片,1,1,50000
45486,40640,冥法軍王印記盒,1,1,10000
45486,40642,冥法軍團印記,1,1,10000
45486,40675,黑暗礦石,1,1,10000
45487,8,米索莉短劍,1,1,5000
45487,20132,黑暗披肩,1,1,10000
45487,20289,深淵戒指,1,1,10000
45487,40007,烏木魔杖,1,1,5000
45487,40241,精靈水晶(弱化屬性),1,1,10000
45487,40242,精靈水晶(魔法消除),1,1,10000
45487,40253,精靈水晶(水之元氣),1,1,10000
45487,40306,伊娃之石,1,1,10000
45487,40307,沙哈之石,1,1,10000
45487,40308,金幣,319,513,1000000
45488,20040,卡士伯之帽,1,1,1000
45488,20264,力量項鍊,1,1,5000
45488,20281,變形控制戒指,1,1,5000
45488,20284,召喚控制戒指,1,1,7000
45488,40006,松木魔杖,1,1,500
45488,40008,楓木魔杖,1,1,5000
45488,40013,自我加速藥水,1,1,300000
45488,40015,藍色藥水,1,1,300000
45488,40018,強化 綠色藥水,1,1,300000
45488,40045,紅寶石,1,1,50000
45488,40049,品質紅寶石,1,1,10000
45488,40053,高品質紅寶石,1,1,10000
45488,40089,復活卷軸,1,1,300000
45488,40093,空的魔法卷軸(等級4),1,1,300000
45488,40119,解除咀咒的卷軸,1,1,300000
45488,40191,魔法書(烈炎術),1,1,50000
45488,40216,魔法書(藥水霜化術),1,1,50000
45488,40248,精靈水晶(地面障礙),1,1,10000
45488,40257,精靈水晶(烈炎氣息),1,1,50000
45488,40617,水晶球,1,1,5000
45488,140074,對盔甲施法的卷軸,1,1,10000
45488,140087,對武器施法的卷軸,1,1,10000
45488,140100,瞬間移動卷軸,1,1,300000
45492,53,蜥蜴王勇士之劍,1,1,10000
45492,21019,淨化之耳環,1,1,1000
45492,40050,品質藍寶石,1,1,10000
45492,40054,高品質藍寶石,1,1,5000
45492,40164,技術書(衝擊之暈),1,1,10000
45492,40166,技術書(尖刺盔甲),1,1,1000
45492,40206,魔法書(返生術),1,1,10000
45492,40306,伊娃之石,1,1,10000
45492,40308,金幣,319,513,1000000
45492,40634,蜥蜴人的寶物,1,1,500000
45492,49123,記憶水晶(心靈破壞),1,1,2500
45492,49130,記憶水晶(幻覺：鑽石高崙),1,1,2000
45492,220295,受詛咒的藍寶石戒指,1,1,10000
45493,20124,骷髏盔甲,1,1,10000
45493,40013,自我加速藥水,1,1,300000
45493,40018,強化 綠色藥水,1,1,100000
45493,40087,對武器施法的卷軸,1,1,10000
45493,40107,傲慢之塔移動卷軸(41F),1,1,10000
45493,40171,魔法書(通暢氣脈術),1,1,10000
45493,40188,魔法書(加速術),1,1,10000
45493,40275,黑暗精靈水晶(雙重破壞),1,1,10000
45493,40279,黑暗精靈水晶(閃避提升),1,1,10000
45493,140074,對盔甲施法的卷軸,1,1,5000
45493,140087,對武器施法的卷軸,1,1,5000
45494,40013,自我加速藥水,1,1,100000
45494,40014,勇敢藥水,1,1,100000
45494,40018,強化 綠色藥水,1,1,100000
45494,40087,對武器施法的卷軸,1,1,10000
45494,40107,傲慢之塔移動卷軸(41F),1,1,10000
45494,40171,魔法書(通暢氣脈術),1,1,10000
45494,40181,魔法書(迷魅術),1,1,10000
45494,40191,魔法書(烈炎術),1,1,10000
45494,40260,精靈水晶(風之神射),1,1,10000
45494,40277,黑暗精靈水晶(暗影之牙),1,1,10000
45496,40044,鑽石,1,1,50000
45496,40045,紅寶石,1,1,50000
45496,40046,藍寶石,1,1,50000
45496,40047,綠寶石,1,1,50000
45496,40048,品質鑽石,1,1,10000
45496,40049,品質紅寶石,1,1,10000
45496,40050,品質藍寶石,1,1,10000
45496,40051,品質綠寶石,1,1,10000
45496,40052,高品質鑽石,1,1,5000
45496,40053,高品質紅寶石,1,1,5000
45496,40054,高品質藍寶石,1,1,5000
45496,40055,高品質綠寶石,1,1,5000
45496,40074,對盔甲施法的卷軸,1,1,10000
45496,40089,復活卷軸,1,1,100000
45496,40093,空的魔法卷軸(等級4),1,1,100000
45496,40094,空的魔法卷軸(等級5),1,1,100000
45496,40108,傲慢之塔移動卷軸(51F),1,1,10000
45496,40203,魔法書(火牢),1,1,10000
45496,40304,馬普勒之石,1,1,10000
45496,40466,龍之心,1,1,100
45496,49105,龍騎士書板(岩漿噴吐),1,1,10000
45496,49106,龍騎士書板(覺醒：安塔瑞斯),1,1,10000
45496,49264,幼龍翅膀,1,1,0
45496,140088,變形卷軸,1,1,100000
45497,20018,馬庫爾之帽,1,1,300
45497,20267,精神項鍊,1,1,5000
45497,20284,召喚控制戒指,1,1,5000
45497,20288,傳送控制戒指,1,1,1000
45497,40006,松木魔杖,1,1,500
45497,40008,楓木魔杖,1,1,5000
45497,40013,自我加速藥水,1,1,300000
45497,40015,藍色藥水,1,1,300000
45497,40018,強化 綠色藥水,1,1,300000
45497,40046,藍寶石,1,1,50000
45497,40050,品質藍寶石,1,1,10000
45497,40054,高品質藍寶石,1,1,10000
45497,40089,復活卷軸,1,1,300000
45497,40093,空的魔法卷軸(等級4),1,1,300000
45497,40119,解除咀咒的卷軸,1,1,300000
45497,40173,魔法書(吸血鬼之吻),1,1,50000
45497,40180,魔法書(高級治癒術),1,1,50000
45497,40183,魔法書(冰錐),1,1,50000
45497,40185,魔法書(黑闇之影),1,1,50000
45497,40186,魔法書(造屍術),1,1,50000
45497,40214,魔法書(集體傳送術),1,1,50000
45497,40238,精靈水晶(魂體轉換),1,1,10000
45497,40254,精靈水晶(生命之泉),1,1,50000
45497,40617,水晶球,1,1,5000
45497,140074,對盔甲施法的卷軸,1,1,10000
45497,140087,對武器施法的卷軸,1,1,10000
45497,140100,瞬間移動卷軸,1,1,300000
45498,40014,勇敢藥水,3,6,100000
45498,40016,慎重藥水,3,6,50000
45498,40018,強化 綠色藥水,1,1,50000
45498,40044,鑽石,1,1,50000
45498,40046,藍寶石,1,1,50000
45498,40047,綠寶石,1,1,100000
45498,40048,品質鑽石,1,1,50000
45498,40050,品質藍寶石,1,1,50000
45498,40051,品質綠寶石,1,1,50000
45498,40052,高品質鑽石,1,1,10000
45498,40054,高品質藍寶石,1,1,10000
45498,40055,高品質綠寶石,1,1,10000
45498,40317,磨刀石,1,1,100000
45498,40423,古代人的咒術書4冊,1,1,1000
45498,40464,惡魔的白色腳鐐,1,1,5000
45499,40167,古老皮袋,1,1,100000
45499,40168,古老絲袋,1,1,100000
45499,40415,遺物袋子,1,1,100000
45500,8,米索莉短劍,1,1,5000
45500,9,奧里哈魯根短劍,1,1,1000
45500,20172,水靈手套,1,1,5000
45500,40013,自我加速藥水,1,1,100000
45500,40048,品質鑽石,1,1,5000
45500,40049,品質紅寶石,1,1,5000
45500,40050,品質藍寶石,1,1,5000
45500,40051,品質綠寶石,1,1,5000
45500,40211,魔法書(沉睡之霧),1,1,10000
45500,40241,精靈水晶(弱化屬性),1,1,10000
45500,40253,精靈水晶(水之元氣),1,1,10000
45500,40306,伊娃之石,1,1,10000
45500,40308,金幣,333,536,1000000
45500,49136,記憶水晶(立方：和諧),1,1,900
45500,49161,精靈的私語,1,1,100000
45501,107,深紅長矛,1,1,5000
45501,151,惡魔斧頭,1,1,5000
45501,20289,深淵戒指,1,1,10000
45501,40074,對盔甲施法的卷軸,1,1,10000
45501,40093,空的魔法卷軸(等級4),1,1,10000
45501,40094,空的魔法卷軸(等級5),1,1,10000
45501,40211,魔法書(沉睡之霧),1,1,10000
45501,40216,魔法書(藥水霜化術),1,1,10000
45501,40308,金幣,333,536,1000000
45501,40524,黑色血痕,1,1,10000
45502,20289,深淵戒指,1,1,10000
45502,40093,空的魔法卷軸(等級4),1,1,10000
45502,40094,空的魔法卷軸(等級5),1,1,10000
45502,40211,魔法書(沉睡之霧),1,1,10000
45502,40216,魔法書(藥水霜化術),1,1,10000
45502,40240,精靈水晶(三重矢),1,1,10000
45502,40308,金幣,333,536,1000000
45502,40330,無限箭筒,1,1,10000
45502,40524,黑色血痕,1,1,10000
45503,40014,勇敢藥水,1,1,100000
45503,40015,藍色藥水,1,1,100000
45503,40017,翡翠藥水,1,1,100000
45503,40018,強化 綠色藥水,1,1,100000
45503,40111,傲慢之塔移動卷軸(81F),1,1,10000
45503,40119,解除咀咒的卷軸,1,1,100000
45503,40165,技術書(增幅防禦),1,1,10000
45503,40899,鋼鐵原石,1,1,10000
45504,40571,刺客首領的箱子,1,1,1000000
45505,17,受封印 被遺忘的巨劍,1,1,10000
45505,20143,被遺忘的金屬盔甲,1,1,10000
45505,20280,滅魔戒指,1,1,1000
45505,40010,治癒藥水,1,1,300000
45505,40011,強力治癒藥水,1,1,100000
45505,40012,終極治癒藥水,1,1,100000
45505,40013,自我加速藥水,1,1,100000
45505,40014,勇敢藥水,1,1,10000
45505,40015,藍色藥水,1,1,10000
45505,40016,慎重藥水,1,1,10000
45505,40017,翡翠藥水,1,1,50000
45505,40018,強化 綠色藥水,1,1,10000
45505,40019,濃縮體力恢復劑,1,1,10000
45505,40020,濃縮強力體力恢復劑,1,1,10000
45505,40021,濃縮終極體力恢復劑,1,1,10000
45505,40068,精靈餅乾,1,1,10000
45505,40089,復活卷軸,1,1,10000
45505,40090,空的魔法卷軸(等級1),1,1,10000
45505,40091,空的魔法卷軸(等級2),1,1,10000
45505,40092,空的魔法卷軸(等級3),1,1,10000
45505,40093,空的魔法卷軸(等級4),1,1,10000
45505,40094,空的魔法卷軸(等級5),1,1,10000
45505,40119,解除咀咒的卷軸,1,1,10000
45505,40126,鑑定卷軸,1,1,10000
45505,40304,馬普勒之石,1,1,10000
45505,40317,磨刀石,1,1,10000
45506,20280,滅魔戒指,1,1,1000
45506,40016,慎重藥水,1,1,100000
45506,40089,復活卷軸,1,1,50000
45506,40091,空的魔法卷軸(等級2),1,1,10000
45506,40092,空的魔法卷軸(等級3),1,1,10000
45506,40093,空的魔法卷軸(等級4),1,1,10000
45506,40094,空的魔法卷軸(等級5),1,1,10000
45506,40109,傲慢之塔移動卷軸(61F),1,1,10000
45506,40119,解除咀咒的卷軸,1,1,100000
45506,49115,龍騎士書板(寒冰噴吐),1,1,5000
45506,49132,記憶水晶(洞察),1,1,1200
45507,40541,黑暗之星,1,1,1000000
45508,8,米索莉短劍,1,1,5000
45508,9,奧里哈魯根短劍,1,1,1000
45508,20177,地靈手套,1,1,5000
45508,40013,自我加速藥水,1,1,100000
45508,40048,品質鑽石,1,1,5000
45508,40049,品質紅寶石,1,1,5000
45508,40050,品質藍寶石,1,1,5000
45508,40051,品質綠寶石,1,1,5000
45508,40216,魔法書(藥水霜化術),1,1,10000
45508,40241,精靈水晶(弱化屬性),1,1,10000
45508,40249,精靈水晶(大地屏障),1,1,1000
45508,40252,精靈水晶(體能激發),1,1,10000
45508,40304,馬普勒之石,1,1,10000
45508,40308,金幣,333,536,1000000
45508,49161,精靈的私語,1,1,100000
45509,20143,被遺忘的金屬盔甲,1,1,10000
45509,20303,抗魔戒指,1,1,10000
45509,40007,烏木魔杖,1,1,1000
45509,40010,治癒藥水,1,1,300000
45509,40011,強力治癒藥水,1,1,100000
45509,40012,終極治癒藥水,1,1,100000
45509,40013,自我加速藥水,1,1,100000
45509,40014,勇敢藥水,1,1,10000
45509,40015,藍色藥水,1,1,10000
45509,40016,慎重藥水,1,1,10000
45509,40017,翡翠藥水,1,1,50000
45509,40018,強化 綠色藥水,1,1,10000
45509,40019,濃縮體力恢復劑,1,1,10000
45509,40020,濃縮強力體力恢復劑,1,1,10000
45509,40021,濃縮終極體力恢復劑,1,1,10000
45509,40068,精靈餅乾,1,1,10000
45509,40089,復活卷軸,1,1,10000
45509,40090,空的魔法卷軸(等級1),1,1,10000
45509,40091,空的魔法卷軸(等級2),1,1,10000
45509,40092,空的魔法卷軸(等級3),1,1,10000
45509,40093,空的魔法卷軸(等級4),1,1,10000
45509,40094,空的魔法卷軸(等級5),1,1,10000
45509,40119,解除咀咒的卷軸,1,1,10000
45509,40126,鑑定卷軸,1,1,10000
45509,40305,帕格里奧之石,1,1,10000
45509,40317,磨刀石,1,1,10000
45509,49112,龍騎士書板(致命身軀),1,1,5000
45510,8,米索莉短劍,1,1,5000
45510,9,奧里哈魯根短劍,1,1,1000
45510,20189,風靈手套,1,1,5000
45510,40013,自我加速藥水,1,1,100000
45510,40048,品質鑽石,1,1,5000
45510,40049,品質紅寶石,1,1,5000
45510,40050,品質藍寶石,1,1,5000
45510,40051,品質綠寶石,1,1,5000
45510,40216,魔法書(藥水霜化術),1,1,10000
45510,40241,精靈水晶(弱化屬性),1,1,10000
45510,40264,精靈水晶(風之枷鎖),1,1,10000
45510,40307,沙哈之石,1,1,10000
45510,40308,金幣,333,536,1000000
45510,49113,龍騎士書板(奪命之雷),1,1,5000
45510,49161,精靈的私語,1,1,100000
45511,8,米索莉短劍,1,1,5000
45511,9,奧里哈魯根短劍,1,1,1000
45511,20181,火靈手套,1,1,5000
45511,40013,自我加速藥水,1,1,100000
45511,40048,品質鑽石,1,1,5000
45511,40049,品質紅寶石,1,1,5000
45511,40050,品質藍寶石,1,1,5000
45511,40051,品質綠寶石,1,1,5000
45511,40215,魔法書(火風暴),1,1,10000
45511,40241,精靈水晶(弱化屬性),1,1,10000
45511,40259,精靈水晶(屬性之火),1,1,10000
45511,40305,帕格里奧之石,1,1,10000
45511,40308,金幣,333,536,1000000
45511,49136,記憶水晶(立方：和諧),1,1,800
45511,49161,精靈的私語,1,1,100000
45512,40013,自我加速藥水,1,1,1000000
45512,40454,馴獸師戒指,1,1,10000
45512,40638,魔獸軍團印記,1,1,10000
45512,40639,魔獸軍王印記盒,1,1,10000
45512,40652,燃燒的皮,1,1,10000
45512,40655,水晶之牙,1,1,10000
45512,40675,黑暗礦石,1,1,10000
45512,49105,龍騎士書板(岩漿噴吐),1,1,10000
45512,49114,龍騎士書板(驚悚死神),1,1,500
45513,2,骰子匕首,1,1,30000
45513,41,武士刀,1,1,30000
45513,52,雙手劍,1,1,30000
45513,57,瑟魯基之劍,1,1,5000
45513,20077,隱身斗篷,1,1,100
45513,20110,抗魔法鏈甲,1,1,30000
45513,20128,水晶盔甲,1,1,5000
45513,20154,金屬盔甲,1,1,100000
45513,20187,力量手套,1,1,10000
45513,20298,潔尼斯戒指,1,1,1000
45513,20308,小型精神腰帶,1,1,50000
45513,20319,精神腰帶,1,1,50000
45513,40006,松木魔杖,1,1,3000
45513,40007,烏木魔杖,1,1,30000
45513,40008,楓木魔杖,1,1,30000
45513,40013,自我加速藥水,1,1,300000
45513,40014,勇敢藥水,1,1,300000
45513,40016,慎重藥水,1,1,300000
45513,40018,強化 綠色藥水,1,1,300000
45513,40025,黑色藥水,1,1,300000
45513,40074,對盔甲施法的卷軸,1,1,300000
45513,40087,對武器施法的卷軸,1,1,300000
45513,40089,復活卷軸,1,1,300000
45513,40093,空的魔法卷軸(等級4),1,1,300000
45513,40094,空的魔法卷軸(等級5),1,1,300000
45513,40174,魔法書(緩速術),1,1,50000
45513,40185,魔法書(黑闇之影),1,1,50000
45513,40192,魔法書(弱化術),1,1,50000
45513,40221,魔法書(集體緩速術),1,1,50000
45513,40277,黑暗精靈水晶(暗影之牙),1,1,50000
45513,40280,封印的傲慢之塔傳送符(11F),1,1,50000
45513,40308,金幣,5000,10000,1000000
45513,49134,記憶水晶(疼痛的歡愉),1,1,1500
45513,100052,雙手劍,1,1,100000
45513,120154,金屬盔甲,1,1,100000
45513,140074,對盔甲施法的卷軸,1,1,100000
45513,140087,對武器施法的卷軸,1,1,100000
45513,200052,雙手劍,1,1,30000
45514,40013,自我加速藥水,1,1,100000
45514,40014,勇敢藥水,1,1,50000
45514,40018,強化 綠色藥水,1,1,50000
45514,40020,濃縮強力體力恢復劑,1,1,50000
45514,40108,傲慢之塔移動卷軸(51F),1,1,10000
45514,140074,對盔甲施法的卷軸,1,1,5000
45514,140100,瞬間移動卷軸,1,1,100000
45515,40015,藍色藥水,1,1,100000
45515,40093,空的魔法卷軸(等級4),1,1,100000
45515,40094,空的魔法卷軸(等級5),1,1,100000
45515,40106,傲慢之塔移動卷軸(31F),1,1,10000
45515,40170,魔法書(燃燒的火球),1,1,10000
45515,40171,魔法書(通暢氣脈術),1,1,10000
45515,40187,魔法書(體魄強健術),1,1,10000
45515,40189,魔法書(魔法相消術),1,1,10000
45515,40191,魔法書(烈炎術),1,1,10000
45515,40215,魔法書(火風暴),1,1,10000
45515,40244,精靈水晶(封印禁地),1,1,5000
45515,40256,精靈水晶(火焰武器),1,1,10000
45515,40257,精靈水晶(烈炎氣息),1,1,10000
45515,40258,精靈水晶(烈炎武器),1,1,5000
45515,40275,黑暗精靈水晶(雙重破壞),1,1,10000
45515,40305,帕格里奧之石,1,1,10000
45515,49105,龍騎士書板(岩漿噴吐),1,1,10000
45516,41,武士刀,1,1,5000
45516,57,瑟魯基之劍,1,1,10000
45516,20110,抗魔法鏈甲,1,1,30000
45516,20154,金屬盔甲,1,1,100000
45516,40006,松木魔杖,1,1,500
45516,40008,楓木魔杖,1,1,5000
45516,40015,藍色藥水,1,1,300000
45516,40048,品質鑽石,1,1,10000
45516,40049,品質紅寶石,1,1,10000
45516,40050,品質藍寶石,1,1,10000
45516,40051,品質綠寶石,1,1,10000
45516,40052,高品質鑽石,1,1,10000
45516,40053,高品質紅寶石,1,1,10000
45516,40054,高品質藍寶石,1,1,10000
45516,40055,高品質綠寶石,1,1,10000
45516,40074,對盔甲施法的卷軸,1,1,100000
45516,40087,對武器施法的卷軸,1,1,100000
45516,40089,復活卷軸,1,1,300000
45516,40093,空的魔法卷軸(等級4),1,1,300000
45516,40094,空的魔法卷軸(等級5),1,1,300000
45516,40170,魔法書(燃燒的火球),1,1,10000
45516,40171,魔法書(通暢氣脈術),1,1,10000
45516,40187,魔法書(體魄強健術),1,1,10000
45516,40189,魔法書(魔法相消術),1,1,10000
45516,40191,魔法書(烈炎術),1,1,10000
45516,40203,魔法書(火牢),1,1,10000
45516,40215,魔法書(火風暴),1,1,10000
45516,40219,魔法書(流星雨),1,1,10000
45516,40242,精靈水晶(魔法消除),1,1,10000
45516,40244,精靈水晶(封印禁地),1,1,10000
45516,40256,精靈水晶(火焰武器),1,1,10000
45516,40258,精靈水晶(烈炎武器),1,1,10000
45516,40259,精靈水晶(屬性之火),1,1,10000
45516,40271,黑暗精靈水晶(燃燒鬥志),1,1,10000
45516,40278,黑暗精靈水晶(會心一擊),1,1,10000
45516,40305,帕格里奧之石,1,1,10000
45516,40308,金幣,2100,6500,1000000
45516,40486,火山灰,1,1,20000
45516,41147,技術書(堅固防護),1,1,10000
45516,49105,龍騎士書板(岩漿噴吐),1,1,10000
45516,49134,記憶水晶(疼痛的歡愉),1,1,1100
45516,100041,武士刀,1,1,10000
45516,120154,金屬盔甲,1,1,100000
45516,140074,對盔甲施法的卷軸,1,1,50000
45516,140087,對武器施法的卷軸,1,1,50000
45517,130,紅水晶魔杖,1,1,1000
45517,20030,神官頭飾,1,1,700
45517,20129,神官法袍,1,1,500
45517,20132,黑暗披肩,1,1,10000
45517,20208,神官長靴,1,1,500
45517,40013,自我加速藥水,1,1,100000
45517,40640,冥法軍王印記盒,1,1,10000
45517,40642,冥法軍團印記,1,1,10000
45517,40675,黑暗礦石,1,1,10000
45518,20030,神官頭飾,1,1,700
45518,20067,神官斗篷,1,1,700
45518,20208,神官長靴,1,1,500
45518,20313,黑暗腰帶,1,1,500
45518,40429,大洞穴卷軸碎片,1,1,50000
45518,40667,暗殺軍團印記,1,1,10000
45518,40668,暗殺軍王印記盒,1,1,10000
45518,40675,黑暗礦石,1,1,10000
45519,40013,自我加速藥水,1,1,100000
45519,40016,慎重藥水,1,1,50000
45519,40018,強化 綠色藥水,1,1,50000
45519,40020,濃縮強力體力恢復劑,1,1,50000
45519,40108,傲慢之塔移動卷軸(51F),1,1,10000
45519,140100,瞬間移動卷軸,1,1,100000
45520,20154,金屬盔甲,1,1,5000
45520,40006,松木魔杖,1,1,500
45520,40008,楓木魔杖,1,1,5000
45520,40013,自我加速藥水,1,1,100000
45520,40016,慎重藥水,1,1,50000
45520,40018,強化 綠色藥水,1,1,50000
45520,40074,對盔甲施法的卷軸,1,1,10000
45520,40087,對武器施法的卷軸,1,1,10000
45520,40110,傲慢之塔移動卷軸(71F),1,1,10000
45520,40191,魔法書(烈炎術),1,1,10000
45520,40221,魔法書(集體緩速術),1,1,10000
45520,40278,黑暗精靈水晶(會心一擊),1,1,10000
45520,40305,帕格里奧之石,1,1,10000
45520,120154,金屬盔甲,1,1,5000
45521,40013,自我加速藥水,1,1,1000000
45521,40638,魔獸軍團印記,1,1,10000
45521,40639,魔獸軍王印記盒,1,1,10000
45521,40675,黑暗礦石,1,1,10000
45521,40677,黑暗礦石鑄塊,1,1,10000
45521,40703,心靈支配石,1,1,10000
45521,49135,記憶水晶(幻覺：化身),1,1,800
45522,20284,召喚控制戒指,1,1,3000
45522,40044,鑽石,1,1,50000
45522,40045,紅寶石,1,1,50000
45522,40046,藍寶石,1,1,50000
45522,40047,綠寶石,1,1,50000
45522,40048,品質鑽石,1,1,10000
45522,40049,品質紅寶石,1,1,10000
45522,40050,品質藍寶石,1,1,10000
45522,40051,品質綠寶石,1,1,10000
45522,40052,高品質鑽石,1,1,10000
45522,40053,高品質紅寶石,1,1,10000
45522,40054,高品質藍寶石,1,1,10000
45522,40055,高品質綠寶石,1,1,10000
45522,40089,復活卷軸,1,1,100000
45522,40093,空的魔法卷軸(等級4),1,1,100000
45522,40094,空的魔法卷軸(等級5),1,1,100000
45522,40108,傲慢之塔移動卷軸(51F),1,1,10000
45522,40220,魔法書(終極返生術),1,1,10000
45522,40241,精靈水晶(弱化屬性),1,1,10000
45522,40278,黑暗精靈水晶(會心一擊),1,1,10000
45522,40444,黑色米索莉原石,1,1,10000
45522,49116,龍騎士書板(覺醒：巴拉卡斯),1,1,10000
45522,140074,對盔甲施法的卷軸,1,1,10000
45522,140087,對武器施法的卷軸,1,1,10000
45522,140088,變形卷軸,1,1,100000
45523,130,紅水晶魔杖,1,1,1000
45523,20030,神官頭飾,1,1,700
45523,20208,神官長靴,1,1,500
45523,40013,自我加速藥水,1,1,100000
45523,40429,大洞穴卷軸碎片,1,1,50000
45523,40640,冥法軍王印記盒,1,1,10000
45523,40642,冥法軍團印記,1,1,10000
45523,40675,黑暗礦石,1,1,10000
45524,20280,滅魔戒指,1,1,1000
45524,40017,翡翠藥水,1,1,100000
45524,40018,強化 綠色藥水,1,1,50000
45524,40089,復活卷軸,1,1,50000
45524,40094,空的魔法卷軸(等級5),1,1,10000
45524,40109,傲慢之塔移動卷軸(61F),1,1,10000
45524,40119,解除咀咒的卷軸,1,1,100000
45524,40200,魔法書(狂暴術),1,1,10000
45526,62,武官雙手劍,1,1,1000
45526,20168,武官手套,1,1,1000
45526,20201,武官長靴,1,1,1000
45526,40638,魔獸軍團印記,1,1,10000
45526,40639,魔獸軍王印記盒,1,1,10000
45526,40675,黑暗礦石,1,1,10000
45526,40703,心靈支配石,1,1,10000
45526,40720,黑暗之翼,1,1,10000
45527,40,血色巨劍,1,1,10000
45527,20030,神官頭飾,1,1,700
45527,40013,自我加速藥水,1,1,100000
45527,40429,大洞穴卷軸碎片,1,1,50000
45527,40640,冥法軍王印記盒,1,1,10000
45527,40642,冥法軍團印記,1,1,10000
45527,40675,黑暗礦石,1,1,10000
45528,40014,勇敢藥水,1,1,100000
45528,40015,藍色藥水,1,1,50000
45528,40074,對盔甲施法的卷軸,1,1,10000
45528,40087,對武器施法的卷軸,1,1,10000
45528,40110,傲慢之塔移動卷軸(71F),1,1,10000
45528,40306,伊娃之石,1,1,10000
45529,9,奧里哈魯根短劍,1,1,10000
45529,20187,力量手套,1,1,7500
45529,40044,鑽石,1,1,20000
45529,40048,品質鑽石,1,1,20000
45529,40052,高品質鑽石,1,1,20000
45529,40074,對盔甲施法的卷軸,1,1,200000
45529,40087,對武器施法的卷軸,1,1,200000
45529,40166,技術書(尖刺盔甲),1,1,20000
45529,40196,魔法書(召喚術),1,1,20000
45529,40199,魔法書(強力加速術),1,1,20000
45529,40242,精靈水晶(魔法消除),1,1,20000
45529,40244,精靈水晶(封印禁地),1,1,20000
45529,40264,精靈水晶(風之枷鎖),1,1,20000
45529,40307,沙哈之石,1,1,20000
45529,40308,金幣,2500,7500,1000000
45529,40466,龍之心,1,1,7500
45529,40622,飛龍的爪子,1,1,30000
45529,41147,技術書(堅固防護),1,1,30000
45529,41148,技術書(反擊屏障),1,1,1000
45529,41149,精靈水晶(烈焰之魂),1,1,500
45529,49126,記憶水晶(立方：地裂),1,1,30000
45529,49134,記憶水晶(疼痛的歡愉),1,1,30000
45529,50502,淘氣幼龍蛋,1,1,10000
45529,50503,頑皮幼龍蛋,1,1,10000
45529,100009,奧里哈魯根短劍,1,1,1000
45529,140074,對盔甲施法的卷軸,1,1,30000
45529,140087,對武器施法的卷軸,1,1,30000
45529,240074,對盔甲施法的卷軸,1,1,50000
45529,240087,對武器施法的卷軸,1,1,50000
45530,40014,勇敢藥水,3,6,100000
45530,40015,藍色藥水,3,6,50000
45530,40016,慎重藥水,3,6,50000
45530,40018,強化 綠色藥水,1,1,50000
45530,40044,鑽石,1,1,50000
45530,40046,藍寶石,1,1,50000
45530,40047,綠寶石,1,1,50000
45530,40048,品質鑽石,1,1,50000
45530,40050,品質藍寶石,1,1,50000
45530,40051,品質綠寶石,1,1,50000
45530,40052,高品質鑽石,1,1,10000
45530,40078,古代人的咒術卷軸,1,1,50000
45530,40317,磨刀石,1,1,100000
45530,40422,古代人的咒術書3冊,1,1,1000
45530,40463,惡魔的藍色腳鐐,1,1,5000
45530,49132,記憶水晶(洞察),1,1,1500
45531,18,受封印 被遺忘的劍,1,1,10000
45531,20141,被遺忘的長袍,1,1,10000
45531,20165,惡魔手套,1,1,1000
45531,20280,滅魔戒指,1,1,1000
45531,40010,治癒藥水,1,1,300000
45531,40011,強力治癒藥水,1,1,100000
45531,40012,終極治癒藥水,1,1,100000
45531,40013,自我加速藥水,1,1,100000
45531,40014,勇敢藥水,1,1,10000
45531,40015,藍色藥水,1,1,10000
45531,40016,慎重藥水,1,1,10000
45531,40017,翡翠藥水,1,1,50000
45531,40018,強化 綠色藥水,1,1,10000
45531,40019,濃縮體力恢復劑,1,1,10000
45531,40020,濃縮強力體力恢復劑,1,1,10000
45531,40021,濃縮終極體力恢復劑,1,1,10000
45531,40068,精靈餅乾,1,1,10000
45531,40076,古代的卷軸,1,1,1000
45531,40089,復活卷軸,1,1,10000
45531,40090,空的魔法卷軸(等級1),1,1,10000
45531,40091,空的魔法卷軸(等級2),1,1,10000
45531,40092,空的魔法卷軸(等級3),1,1,10000
45531,40093,空的魔法卷軸(等級4),1,1,10000
45531,40094,空的魔法卷軸(等級5),1,1,10000
45531,40119,解除咀咒的卷軸,1,1,10000
45531,40126,鑑定卷軸,1,1,10000
45531,40306,伊娃之石,1,1,10000
45531,49267,邪惡蜥蜴蛋,1,1,0
45532,40014,勇敢藥水,1,1,100000
45532,40016,慎重藥水,1,1,100000
45532,40018,強化 綠色藥水,1,1,100000
45532,40068,精靈餅乾,1,1,10000
45532,40074,對盔甲施法的卷軸,1,1,10000
45532,40089,復活卷軸,1,1,100000
45532,40111,傲慢之塔移動卷軸(81F),1,1,10000
45532,40119,解除咀咒的卷軸,1,1,100000
45532,40165,技術書(增幅防禦),1,1,10000
45532,40240,精靈水晶(三重矢),1,1,10000
45532,40305,帕格里奧之石,1,1,10000
45533,62,武官雙手劍,1,1,1000
45533,20168,武官手套,1,1,1000
45533,20201,武官長靴,1,1,1000
45533,20313,黑暗腰帶,1,1,1000
45533,40013,自我加速藥水,1,1,1000000
45533,40638,魔獸軍團印記,1,1,10000
45533,40639,魔獸軍王印記盒,1,1,10000
45533,40675,黑暗礦石,1,1,10000
45533,40703,心靈支配石,1,1,10000
45534,8,米索莉短劍,1,1,10000
45534,9,奧里哈魯根短劍,1,1,5000
45534,20016,曼波帽子,1,1,1000
45534,20112,曼波外套,1,1,1000
45534,20155,藍海賊皮盔甲,1,1,1000
45534,20172,水靈手套,1,1,10000
45534,20177,地靈手套,1,1,10000
45534,20181,火靈手套,1,1,10000
45534,20189,風靈手套,1,1,10000
45534,21019,淨化之耳環,1,1,1000
45534,40013,自我加速藥水,1,1,300000
45534,40043,兔子的肝,1,1,50000
45534,40048,品質鑽石,1,1,300000
45534,40049,品質紅寶石,1,1,300000
45534,40050,品質藍寶石,1,1,300000
45534,40051,品質綠寶石,1,1,300000
45534,40052,高品質鑽石,1,1,10000
45534,40053,高品質紅寶石,1,1,10000
45534,40054,高品質藍寶石,1,1,10000
45534,40055,高品質綠寶石,1,1,10000
45534,40088,變形卷軸,1,1,300000
45534,40197,魔法書(神聖疾走),1,1,5000
45534,40240,精靈水晶(三重矢),1,1,10000
45534,40242,精靈水晶(魔法消除),1,1,10000
45534,40246,精靈水晶(鏡反射),1,1,10000
45534,40252,精靈水晶(體能激發),1,1,10000
45534,40253,精靈水晶(水之元氣),1,1,10000
45534,40259,精靈水晶(屬性之火),1,1,10000
45534,40306,伊娃之石,1,1,10000
45534,100009,奧里哈魯根短劍,1,1,1000
45534,120016,曼波帽子,1,1,1000
45534,120112,曼波外套,1,1,1000
45535,8,米索莉短劍,1,1,10000
45535,9,奧里哈魯根短劍,1,1,5000
45535,20016,曼波帽子,1,1,1000
45535,20112,曼波外套,1,1,1000
45535,20172,水靈手套,1,1,10000
45535,20177,地靈手套,1,1,10000
45535,20181,火靈手套,1,1,10000
45535,20189,風靈手套,1,1,10000
45535,40013,自我加速藥水,1,1,300000
45535,40043,兔子的肝,1,1,50000
45535,40048,品質鑽石,1,1,300000
45535,40049,品質紅寶石,1,1,300000
45535,40050,品質藍寶石,1,1,300000
45535,40051,品質綠寶石,1,1,300000
45535,40052,高品質鑽石,1,1,10000
45535,40053,高品質紅寶石,1,1,10000
45535,40054,高品質藍寶石,1,1,10000
45535,40055,高品質綠寶石,1,1,10000
45535,40197,魔法書(神聖疾走),1,1,5000
45535,40224,魔法書(靈魂昇華),1,1,1000
45535,40240,精靈水晶(三重矢),1,1,10000
45535,40242,精靈水晶(魔法消除),1,1,10000
45535,40246,精靈水晶(鏡反射),1,1,10000
45535,40252,精靈水晶(體能激發),1,1,10000
45535,40253,精靈水晶(水之元氣),1,1,10000
45535,40259,精靈水晶(屬性之火),1,1,10000
45535,100008,米索莉短劍,1,1,5000
45535,100009,奧里哈魯根短劍,1,1,1000
45535,120016,曼波帽子,1,1,1000
45535,120112,曼波外套,1,1,1000
45536,40014,勇敢藥水,1,1,100000
45536,40015,藍色藥水,1,1,100000
45536,40443,黑色米索莉,1,1,10000
45536,40444,黑色米索莉原石,1,1,10000
45536,40524,黑色血痕,1,1,30000
45536,40678,靈魂石碎片,1,1,10000
45537,40014,勇敢藥水,3,6,100000
45537,40015,藍色藥水,3,6,50000
45537,40016,慎重藥水,3,6,50000
45537,40018,強化 綠色藥水,1,1,50000
45537,40044,鑽石,1,1,100000
45537,40046,藍寶石,1,1,50000
45537,40047,綠寶石,1,1,50000
45537,40048,品質鑽石,1,1,50000
45537,40050,品質藍寶石,1,1,50000
45537,40051,品質綠寶石,1,1,50000
45537,40052,高品質鑽石,1,1,10000
45537,40077,古代人的練金術卷軸,1,1,50000
45537,40317,磨刀石,1,1,100000
45537,40421,古代人的咒術書2冊,1,1,1000
45537,40462,惡魔的紅色腳鐐,1,1,5000
45537,49116,龍騎士書板(覺醒：巴拉卡斯),1,1,5000
45537,140129,奇安的卷軸,1,1,10000
45537,140130,金侃的卷軸,1,1,10000
45538,17,受封印 被遺忘的巨劍,1,1,10000
45538,20143,被遺忘的金屬盔甲,1,1,10000
45538,20280,滅魔戒指,1,1,1000
45538,40010,治癒藥水,1,1,300000
45538,40011,強力治癒藥水,1,1,100000
45538,40012,終極治癒藥水,1,1,100000
45538,40013,自我加速藥水,1,1,100000
45538,40014,勇敢藥水,1,1,10000
45538,40015,藍色藥水,1,1,10000
45538,40016,慎重藥水,1,1,10000
45538,40017,翡翠藥水,1,1,50000
45538,40018,強化 綠色藥水,1,1,10000
45538,40019,濃縮體力恢復劑,1,1,10000
45538,40020,濃縮強力體力恢復劑,1,1,10000
45538,40021,濃縮終極體力恢復劑,1,1,10000
45538,40068,精靈餅乾,1,1,10000
45538,40089,復活卷軸,1,1,10000
45538,40090,空的魔法卷軸(等級1),1,1,10000
45538,40091,空的魔法卷軸(等級2),1,1,10000
45538,40092,空的魔法卷軸(等級3),1,1,10000
45538,40093,空的魔法卷軸(等級4),1,1,10000
45538,40094,空的魔法卷軸(等級5),1,1,10000
45538,40119,解除咀咒的卷軸,1,1,10000
45538,40126,鑑定卷軸,1,1,10000
45538,40307,沙哈之石,1,1,10000
45538,40317,磨刀石,1,1,10000
45539,20289,深淵戒指,1,1,10000
45539,40093,空的魔法卷軸(等級4),1,1,10000
45539,40094,空的魔法卷軸(等級5),1,1,10000
45539,40211,魔法書(沉睡之霧),1,1,10000
45539,40216,魔法書(藥水霜化術),1,1,10000
45539,40241,精靈水晶(弱化屬性),1,1,10000
45539,40242,精靈水晶(魔法消除),1,1,10000
45539,40308,金幣,409,654,1000000
45539,40524,黑色血痕,1,1,10000
45539,120289,深淵戒指,1,1,10000
45540,40014,勇敢藥水,1,1,100000
45540,40015,藍色藥水,1,1,50000
45540,40016,慎重藥水,1,1,50000
45540,40017,翡翠藥水,1,1,100000
45540,40018,強化 綠色藥水,1,1,50000
45540,40068,精靈餅乾,1,1,10000
45540,40074,對盔甲施法的卷軸,1,1,10000
45540,40089,復活卷軸,1,1,50000
45540,40111,傲慢之塔移動卷軸(81F),1,1,10000
45540,40119,解除咀咒的卷軸,1,1,100000
45540,40165,技術書(增幅防禦),1,1,10000
45540,40166,技術書(尖刺盔甲),1,1,1000
45540,40305,帕格里奧之石,1,1,10000
45540,40317,磨刀石,1,1,100000
45541,20280,滅魔戒指,1,1,1000
45541,40014,勇敢藥水,1,1,50000
45541,40015,藍色藥水,1,1,10000
45541,40016,慎重藥水,1,1,50000
45541,40018,強化 綠色藥水,1,1,50000
45541,40068,精靈餅乾,1,1,10000
45541,40089,復活卷軸,1,1,50000
45541,40091,空的魔法卷軸(等級2),1,1,10000
45541,40092,空的魔法卷軸(等級3),1,1,10000
45541,40093,空的魔法卷軸(等級4),1,1,10000
45541,40094,空的魔法卷軸(等級5),1,1,10000
45541,40109,傲慢之塔移動卷軸(61F),1,1,10000
45541,40119,解除咀咒的卷軸,1,1,100000
45541,40164,技術書(衝擊之暈),1,1,10000
45541,40165,技術書(增幅防禦),1,1,10000
45541,40166,技術書(尖刺盔甲),1,1,1000
45542,40014,勇敢藥水,1,1,100000
45542,40015,藍色藥水,1,1,100000
45542,40443,黑色米索莉,1,1,10000
45542,40444,黑色米索莉原石,1,1,10000
45542,40524,黑色血痕,1,1,30000
45542,40678,靈魂石碎片,1,1,10000
45543,40014,勇敢藥水,1,1,100000
45543,40015,藍色藥水,1,1,100000
45543,40308,金幣,333,536,1000000
45543,40443,黑色米索莉,1,1,10000
45543,40444,黑色米索莉原石,1,1,10000
45543,40524,黑色血痕,1,1,30000
45543,40678,靈魂石碎片,1,1,10000
45544,40014,勇敢藥水,1,1,100000
45544,40015,藍色藥水,1,1,100000
45544,40443,黑色米索莉,1,1,10000
45544,40444,黑色米索莉原石,1,1,10000
45544,40524,黑色血痕,1,1,30000
45544,40678,靈魂石碎片,1,1,10000
45545,131,力量魔法杖,1,1,5000
45545,20160,黑長者長袍,1,1,10000
45545,20218,黑長者涼鞋,1,1,15000
45545,40015,藍色藥水,1,1,300000
45545,40225,魔法書(冰雪颶風),1,1,30000
45545,40242,精靈水晶(魔法消除),1,1,30000
45545,40253,精靈水晶(水之元氣),1,1,30000
45545,40308,金幣,1500,6500,1000000
45545,49133,記憶水晶(恐慌),1,1,20000
45545,120056,抗魔法斗篷,1,1,300000
45545,120182,手套,1,1,50000
45545,140008,楓木魔杖,1,1,50000
45545,140074,對盔甲施法的卷軸,1,1,50000
45545,140087,對武器施法的卷軸,1,1,50000
45545,140100,瞬間移動卷軸,1,1,300000
45545,140119,解除咀咒的卷軸,1,1,30000
45545,240074,對盔甲施法的卷軸,1,1,100000
45545,240087,對武器施法的卷軸,1,1,100000
45546,52,雙手劍,1,1,30000
45546,64,巨劍,1,1,1000
45546,20006,騎士面甲,1,1,300000
45546,20056,抗魔法斗篷,1,1,100000
45546,20154,金屬盔甲,1,1,100000
45546,20250,變形怪首領項鍊,1,1,10000
45546,20277,變形怪首領之戒(右),1,1,10000
45546,20278,變形怪首領之戒(左),1,1,10000
45546,40008,楓木魔杖,1,1,30000
45546,40010,治癒藥水,1,1,300000
45546,40011,強力治癒藥水,1,1,300000
45546,40012,終極治癒藥水,1,1,300000
45546,40013,自我加速藥水,1,1,300000
45546,40014,勇敢藥水,1,1,300000
45546,40015,藍色藥水,1,1,300000
45546,40016,慎重藥水,1,1,300000
45546,40018,強化 綠色藥水,1,1,300000
45546,40074,對盔甲施法的卷軸,1,1,300000
45546,40087,對武器施法的卷軸,1,1,300000
45546,40088,變形卷軸,1,1,300000
45546,40089,復活卷軸,1,1,300000
45546,40165,技術書(增幅防禦),1,1,10000
45546,40166,技術書(尖刺盔甲),1,1,1000
45546,40170,魔法書(燃燒的火球),1,1,300000
45546,40172,魔法書(壞物術),1,1,300000
45546,40181,魔法書(迷魅術),1,1,300000
45546,40187,魔法書(體魄強健術),1,1,10000
45546,40196,魔法書(召喚術),1,1,10000
45546,40199,魔法書(強力加速術),1,1,10000
45546,40207,魔法書(震裂術),1,1,10000
45546,40242,精靈水晶(魔法消除),1,1,10000
45546,40252,精靈水晶(體能激發),1,1,10000
45546,40258,精靈水晶(烈炎武器),1,1,10000
45546,40263,精靈水晶(暴風神射),1,1,10000
45546,40308,金幣,7500,15000,1000000
45546,49133,記憶水晶(恐慌),1,1,800
45546,140074,對盔甲施法的卷軸,1,1,100000
45546,140087,對武器施法的卷軸,1,1,100000
45547,2,骰子匕首,1,1,30000
45547,41,武士刀,1,1,30000
45547,52,雙手劍,1,1,30000
45547,57,瑟魯基之劍,1,1,5000
45547,20077,隱身斗篷,1,1,100
45547,20110,抗魔法鏈甲,1,1,30000
45547,20128,水晶盔甲,1,1,5000
45547,20154,金屬盔甲,1,1,100000
45547,20187,力量手套,1,1,10000
45547,20266,智力項鍊,1,1,5000
45547,20308,小型精神腰帶,1,1,50000
45547,20319,精神腰帶,1,1,50000
45547,20464,幻象眼魔的心眼,1,1,100
45547,40006,松木魔杖,1,1,3000
45547,40007,烏木魔杖,1,1,30000
45547,40008,楓木魔杖,1,1,30000
45547,40013,自我加速藥水,1,1,300000
45547,40014,勇敢藥水,1,1,300000
45547,40015,藍色藥水,1,1,300000
45547,40016,慎重藥水,1,1,300000
45547,40018,強化 綠色藥水,1,1,300000
45547,40025,黑色藥水,1,1,300000
45547,40046,藍寶石,1,1,300000
45547,40074,對盔甲施法的卷軸,1,1,300000
45547,40087,對武器施法的卷軸,1,1,300000
45547,40089,復活卷軸,1,1,300000
45547,40093,空的魔法卷軸(等級4),1,1,300000
45547,40094,空的魔法卷軸(等級5),1,1,300000
45547,40173,魔法書(吸血鬼之吻),1,1,50000
45547,40184,魔法書(魔力奪取),1,1,50000
45547,40185,魔法書(黑闇之影),1,1,50000
45547,40192,魔法書(弱化術),1,1,50000
45547,40201,魔法書(疾病術),1,1,50000
45547,40278,黑暗精靈水晶(會心一擊),1,1,50000
45547,40281,封印的傲慢之塔傳送符(21F),1,1,50000
45547,40307,沙哈之石,1,1,50000
45547,40308,金幣,5000,10000,1000000
45547,49128,記憶水晶(幻想),1,1,8000
45547,100052,雙手劍,1,1,100000
45547,120154,金屬盔甲,1,1,100000
45547,140074,對盔甲施法的卷軸,1,1,100000
45547,140087,對武器施法的卷軸,1,1,100000
45547,200052,雙手劍,1,1,30000
45548,34,血紅慾望短劍,1,1,5000
45548,40013,自我加速藥水,1,1,50000
45548,40044,鑽石,1,1,50000
45548,40047,綠寶石,1,1,50000
45548,40048,品質鑽石,1,1,10000
45548,40049,品質紅寶石,1,1,10000
45548,40053,高品質紅寶石,1,1,5000
45548,40199,魔法書(強力加速術),1,1,10000
45548,40205,魔法書(隱身術),1,1,1000
45548,40308,金幣,409,654,1000000
45548,40717,弄縐的情書,1,1,1000000
45548,49135,記憶水晶(幻覺：化身),1,1,1000
45548,220293,受詛咒的鑽石戒指,1,1,10000
45548,220294,受詛咒的紅寶石戒指,1,1,10000
45549,40006,松木魔杖,1,1,100
45549,40007,烏木魔杖,1,1,1000
45549,40008,楓木魔杖,1,1,100
45549,40013,自我加速藥水,1,1,10000
45549,40014,勇敢藥水,1,1,10000
45549,40015,藍色藥水,1,1,10000
45549,40016,慎重藥水,1,1,10000
45549,40018,強化 綠色藥水,1,1,10000
45549,40033,萬能藥(力量),1,1,100
45549,40034,萬能藥(體質),1,1,100
45549,40035,萬能藥(敏捷),1,1,100
45549,40036,萬能藥(智慧),1,1,100
45549,40037,萬能藥(精神),1,1,100
45549,40038,萬能藥(魅力),1,1,100
45549,40074,對盔甲施法的卷軸,1,1,1000
45549,40087,對武器施法的卷軸,1,1,1000
45549,40308,金幣,409,654,1000000
45551,40006,松木魔杖,1,1,100
45551,40008,楓木魔杖,1,1,100
45551,40014,勇敢藥水,1,1,10000
45551,40016,慎重藥水,1,1,10000
45551,40033,萬能藥(力量),1,1,100
45551,40034,萬能藥(體質),1,1,100
45551,40035,萬能藥(敏捷),1,1,100
45551,40036,萬能藥(智慧),1,1,100
45551,40037,萬能藥(精神),1,1,100
45551,40038,萬能藥(魅力),1,1,100
45551,40074,對盔甲施法的卷軸,1,1,1000
45551,40087,對武器施法的卷軸,1,1,1000
45551,40308,金幣,409,654,1000000
45551,40499,蘑菇汁,1,1,0
45552,40007,烏木魔杖,1,1,1000
45552,40013,自我加速藥水,1,1,10000
45552,40014,勇敢藥水,1,1,10000
45552,40018,強化 綠色藥水,1,1,10000
45552,40033,萬能藥(力量),1,1,100
45552,40034,萬能藥(體質),1,1,100
45552,40035,萬能藥(敏捷),1,1,100
45552,40036,萬能藥(智慧),1,1,100
45552,40037,萬能藥(精神),1,1,100
45552,40038,萬能藥(魅力),1,1,100
45552,40074,對盔甲施法的卷軸,1,1,1000
45552,40087,對武器施法的卷軸,1,1,1000
45552,40308,金幣,409,654,1000000
45553,52,雙手劍,1,1,1000
45553,140,釘錘,1,1,1000
45553,142,銀斧,1,1,10000
45553,148,巨斧,1,1,1000
45553,20175,水晶手套,1,1,1000
45553,40006,松木魔杖,1,1,100
45553,40007,烏木魔杖,1,1,1000
45553,40008,楓木魔杖,1,1,100
45553,40011,強力治癒藥水,1,1,10000
45553,40014,勇敢藥水,1,1,10000
45553,40015,藍色藥水,1,1,10000
45553,40016,慎重藥水,1,1,10000
45553,40033,萬能藥(力量),1,1,100
45553,40034,萬能藥(體質),1,1,100
45553,40035,萬能藥(敏捷),1,1,100
45553,40036,萬能藥(智慧),1,1,100
45553,40037,萬能藥(精神),1,1,100
45553,40038,萬能藥(魅力),1,1,100
45553,40048,品質鑽石,1,1,1000
45553,40074,對盔甲施法的卷軸,1,1,1000
45553,40087,對武器施法的卷軸,1,1,1000
45553,40308,金幣,409,654,1000000
45554,52,雙手劍,1,1,1000
45554,148,巨斧,1,1,100
45554,40006,松木魔杖,1,1,100
45554,40007,烏木魔杖,1,1,1000
45554,40008,楓木魔杖,1,1,100
45554,40013,自我加速藥水,1,1,10000
45554,40014,勇敢藥水,1,1,10000
45554,40015,藍色藥水,1,1,10000
45554,40016,慎重藥水,1,1,10000
45554,40018,強化 綠色藥水,1,1,10000
45554,40033,萬能藥(力量),1,1,100
45554,40034,萬能藥(體質),1,1,100
45554,40035,萬能藥(敏捷),1,1,100
45554,40036,萬能藥(智慧),1,1,100
45554,40037,萬能藥(精神),1,1,100
45554,40038,萬能藥(魅力),1,1,100
45554,40048,品質鑽石,1,1,10000
45554,40074,對盔甲施法的卷軸,1,1,1000
45554,40087,對武器施法的卷軸,1,1,1000
45554,40308,金幣,409,654,1000000
45555,40006,松木魔杖,1,1,100
45555,40007,烏木魔杖,1,1,1000
45555,40008,楓木魔杖,1,1,100
45555,40013,自我加速藥水,1,1,10000
45555,40014,勇敢藥水,1,1,10000
45555,40015,藍色藥水,1,1,10000
45555,40016,慎重藥水,1,1,10000
45555,40018,強化 綠色藥水,1,1,10000
45555,40033,萬能藥(力量),1,1,100
45555,40034,萬能藥(體質),1,1,100
45555,40035,萬能藥(敏捷),1,1,100
45555,40036,萬能藥(智慧),1,1,100
45555,40037,萬能藥(精神),1,1,100
45555,40038,萬能藥(魅力),1,1,100
45555,40074,對盔甲施法的卷軸,1,1,1000
45555,40079,傳送回家的卷軸,1,1,10000
45555,40087,對武器施法的卷軸,1,1,1000
45555,40088,變形卷軸,1,1,10000
45555,40119,解除咀咒的卷軸,1,1,10000
45555,40308,金幣,409,654,1000000
45555,140074,對盔甲施法的卷軸,1,1,100
45555,140087,對武器施法的卷軸,1,1,100
45555,140088,變形卷軸,1,1,10000
45556,40006,松木魔杖,1,1,100
45556,40007,烏木魔杖,1,1,1000
45556,40008,楓木魔杖,1,1,100
45556,40010,治癒藥水,1,1,10000
45556,40011,強力治癒藥水,1,1,10000
45556,40012,終極治癒藥水,1,1,10000
45556,40013,自我加速藥水,1,1,10000
45556,40014,勇敢藥水,1,1,10000
45556,40015,藍色藥水,1,1,10000
45556,40016,慎重藥水,1,1,10000
45556,40018,強化 綠色藥水,1,1,10000
45556,40033,萬能藥(力量),1,1,100
45556,40034,萬能藥(體質),1,1,100
45556,40035,萬能藥(敏捷),1,1,100
45556,40036,萬能藥(智慧),1,1,100
45556,40037,萬能藥(精神),1,1,100
45556,40038,萬能藥(魅力),1,1,100
45556,40074,對盔甲施法的卷軸,1,1,1000
45556,40087,對武器施法的卷軸,1,1,1000
45556,40308,金幣,409,654,1000000
45556,140010,治癒藥水,1,1,10000
45556,140011,強力治癒藥水,1,1,10000
45556,140012,終極治癒藥水,1,1,10000
45557,40006,松木魔杖,1,1,100
45557,40007,烏木魔杖,1,1,1000
45557,40008,楓木魔杖,1,1,100
45557,40013,自我加速藥水,1,1,10000
45557,40014,勇敢藥水,1,1,10000
45557,40015,藍色藥水,1,1,10000
45557,40016,慎重藥水,1,1,10000
45557,40018,強化 綠色藥水,1,1,10000
45557,40033,萬能藥(力量),1,1,100
45557,40034,萬能藥(體質),1,1,100
45557,40035,萬能藥(敏捷),1,1,100
45557,40036,萬能藥(智慧),1,1,100
45557,40037,萬能藥(精神),1,1,100
45557,40038,萬能藥(魅力),1,1,100
45557,40074,對盔甲施法的卷軸,1,1,1000
45557,40087,對武器施法的卷軸,1,1,1000
45557,40308,金幣,409,654,1000000
45558,40006,松木魔杖,1,1,100
45558,40007,烏木魔杖,1,1,1000
45558,40008,楓木魔杖,1,1,100
45558,40013,自我加速藥水,1,1,10000
45558,40014,勇敢藥水,1,1,10000
45558,40015,藍色藥水,1,1,10000
45558,40016,慎重藥水,1,1,10000
45558,40018,強化 綠色藥水,1,1,10000
45558,40033,萬能藥(力量),1,1,100
45558,40034,萬能藥(體質),1,1,100
45558,40035,萬能藥(敏捷),1,1,100
45558,40036,萬能藥(智慧),1,1,100
45558,40037,萬能藥(精神),1,1,100
45558,40038,萬能藥(魅力),1,1,100
45558,40074,對盔甲施法的卷軸,1,1,1000
45558,40087,對武器施法的卷軸,1,1,1000
45558,40308,金幣,409,654,1000000
45559,40006,松木魔杖,1,1,100
45559,40007,烏木魔杖,1,1,1000
45559,40008,楓木魔杖,1,1,100
45559,40013,自我加速藥水,1,1,10000
45559,40014,勇敢藥水,1,1,10000
45559,40015,藍色藥水,1,1,10000
45559,40016,慎重藥水,1,1,10000
45559,40018,強化 綠色藥水,1,1,10000
45559,40033,萬能藥(力量),1,1,100
45559,40034,萬能藥(體質),1,1,100
45559,40035,萬能藥(敏捷),1,1,100
45559,40036,萬能藥(智慧),1,1,100
45559,40037,萬能藥(精神),1,1,100
45559,40038,萬能藥(魅力),1,1,100
45559,40074,對盔甲施法的卷軸,1,1,1000
45559,40087,對武器施法的卷軸,1,1,1000
45559,40308,金幣,409,654,1000000
45560,40006,松木魔杖,1,1,100
45560,40007,烏木魔杖,1,1,1000
45560,40008,楓木魔杖,1,1,100
45560,40013,自我加速藥水,1,1,10000
45560,40014,勇敢藥水,1,1,10000
45560,40015,藍色藥水,1,1,10000
45560,40016,慎重藥水,1,1,10000
45560,40018,強化 綠色藥水,1,1,10000
45560,40033,萬能藥(力量),1,1,100
45560,40034,萬能藥(體質),1,1,100
45560,40035,萬能藥(敏捷),1,1,100
45560,40036,萬能藥(智慧),1,1,100
45560,40037,萬能藥(精神),1,1,100
45560,40038,萬能藥(魅力),1,1,100
45560,40074,對盔甲施法的卷軸,1,1,1000
45560,40087,對武器施法的卷軸,1,1,1000
45560,40308,金幣,409,654,1000000
45561,40006,松木魔杖,1,1,100
45561,40007,烏木魔杖,1,1,1000
45561,40008,楓木魔杖,1,1,100
45561,40013,自我加速藥水,1,1,10000
45561,40014,勇敢藥水,1,1,10000
45561,40015,藍色藥水,1,1,10000
45561,40016,慎重藥水,1,1,10000
45561,40018,強化 綠色藥水,1,1,10000
45561,40033,萬能藥(力量),1,1,100
45561,40034,萬能藥(體質),1,1,100
45561,40035,萬能藥(敏捷),1,1,100
45561,40036,萬能藥(智慧),1,1,100
45561,40037,萬能藥(精神),1,1,100
45561,40038,萬能藥(魅力),1,1,100
45561,40074,對盔甲施法的卷軸,1,1,1000
45561,40087,對武器施法的卷軸,1,1,1000
45561,40308,金幣,409,654,1000000
45562,52,雙手劍,1,1,1000
45562,148,巨斧,1,1,100
45562,20149,青銅盔甲,1,1,1000
45562,40006,松木魔杖,1,1,100
45562,40007,烏木魔杖,1,1,1000
45562,40008,楓木魔杖,1,1,100
45562,40010,治癒藥水,1,1,10000
45562,40011,強力治癒藥水,1,1,10000
45562,40012,終極治癒藥水,1,1,10000
45562,40013,自我加速藥水,1,1,10000
45562,40014,勇敢藥水,1,1,10000
45562,40015,藍色藥水,1,1,10000
45562,40016,慎重藥水,1,1,10000
45562,40018,強化 綠色藥水,1,1,10000
45562,40033,萬能藥(力量),1,1,100
45562,40034,萬能藥(體質),1,1,100
45562,40035,萬能藥(敏捷),1,1,100
45562,40036,萬能藥(智慧),1,1,100
45562,40037,萬能藥(精神),1,1,100
45562,40038,萬能藥(魅力),1,1,100
45562,40048,品質鑽石,1,1,10000
45562,40051,品質綠寶石,1,1,10000
45562,40074,對盔甲施法的卷軸,1,1,1000
45562,40087,對武器施法的卷軸,1,1,1000
45562,40308,金幣,409,654,1000000
45562,120101,皮甲,1,1,1000
45569,109,失去魔力的巴風特魔杖,1,1,100
45569,20117,巴風特盔甲,1,1,300
45569,40015,藍色藥水,1,3,50000
45569,40044,鑽石,1,3,50000
45569,40047,綠寶石,1,3,50000
45569,40048,品質鑽石,1,2,10000
45569,40050,品質藍寶石,1,2,10000
45569,40052,高品質鑽石,1,1,5000
45569,40443,黑色米索莉,1,1,5000
45569,40444,黑色米索莉原石,1,1,50000
45569,40524,黑色血痕,1,1,10000
45569,40718,血石碎片,1,1,50000
45569,49164,間諜報告書,1,1,50000
45570,40014,勇敢藥水,1,3,50000
45570,40015,藍色藥水,1,3,50000
45570,40089,復活卷軸,1,3,50000
45570,40443,黑色米索莉,1,1,5000
45570,40444,黑色米索莉原石,1,1,50000
45570,40479,墮落的惡魔書3冊,1,1,10000
45570,40481,墮落之牙,1,1,10000
45570,40524,黑色血痕,1,1,10000
45570,40619,東方監獄鑰匙,1,1,10000
45570,40678,靈魂石碎片,1,1,50000
45570,49164,間諜報告書,1,1,50000
45571,40014,勇敢藥水,1,3,50000
45571,40015,藍色藥水,1,3,50000
45571,40443,黑色米索莉,1,1,5000
45571,40444,黑色米索莉原石,1,1,50000
45571,40477,墮落的惡魔書1冊,1,1,10000
45571,40478,墮落的惡魔書2冊,1,1,10000
45571,40479,墮落的惡魔書3冊,1,1,10000
45571,40480,墮落的惡魔書4冊,1,1,10000
45571,40524,黑色血痕,1,1,10000
45571,40678,靈魂石碎片,1,1,50000
45571,49164,間諜報告書,1,1,50000
45572,52,雙手劍,1,1,1000
45572,20244,小型魅力項鍊,1,1,5000
45572,20254,魅力項鍊,1,1,1000
45572,40014,勇敢藥水,1,1,100000
45572,40015,藍色藥水,1,1,50000
45572,40018,強化 綠色藥水,1,1,50000
45572,40074,對盔甲施法的卷軸,1,1,10000
45572,40087,對武器施法的卷軸,1,1,10000
45572,40110,傲慢之塔移動卷軸(71F),1,1,10000
45572,40190,魔法書(地裂術),1,1,10000
45572,40196,魔法書(召喚術),1,1,10000
45572,40207,魔法書(震裂術),1,1,10000
45573,41,武士刀,1,1,30000
45573,52,雙手劍,1,1,30000
45573,109,失去魔力的巴風特魔杖,1,1,100
45573,20077,隱身斗篷,1,1,100
45573,20117,巴風特盔甲,1,1,300
45573,20154,金屬盔甲,1,1,100000
45573,20182,手套,1,1,100000
45573,20244,小型魅力項鍊,1,1,300000
45573,20254,魅力項鍊,1,1,10000
45573,20284,召喚控制戒指,1,1,5000
45573,20285,水靈戒指,1,1,10000
45573,20288,傳送控制戒指,1,1,5000
45573,20306,小型身體腰帶,1,1,10000
45573,20307,小型靈魂腰帶,1,1,10000
45573,20308,小型精神腰帶,1,1,10000
45573,20312,身體腰帶,1,1,10000
45573,20316,靈魂腰帶,1,1,10000
45573,20319,精神腰帶,1,1,10000
45573,40013,自我加速藥水,1,1,300000
45573,40014,勇敢藥水,1,1,300000
45573,40015,藍色藥水,1,1,300000
45573,40016,慎重藥水,1,1,300000
45573,40018,強化 綠色藥水,1,1,300000
45573,40044,鑽石,1,1,300000
45573,40046,藍寶石,1,1,300000
45573,40047,綠寶石,1,1,300000
45573,40048,品質鑽石,1,1,300000
45573,40050,品質藍寶石,1,1,300000
45573,40051,品質綠寶石,1,1,300000
45573,40052,高品質鑽石,1,1,300000
45573,40054,高品質藍寶石,1,1,300000
45573,40055,高品質綠寶石,1,1,300000
45573,40074,對盔甲施法的卷軸,1,1,300000
45573,40087,對武器施法的卷軸,1,1,300000
45573,40089,復活卷軸,1,1,300000
45573,40093,空的魔法卷軸(等級4),1,1,300000
45573,40094,空的魔法卷軸(等級5),1,1,300000
45573,40163,黃金鑰匙,1,1,300000
45573,40181,魔法書(迷魅術),1,1,50000
45573,40193,魔法書(祝福魔法武器),1,1,50000
45573,40196,魔法書(召喚術),1,1,50000
45573,40203,魔法書(火牢),1,1,50000
45573,40242,精靈水晶(魔法消除),1,1,50000
45573,40246,精靈水晶(鏡反射),1,1,50000
45573,40256,精靈水晶(火焰武器),1,1,300000
45573,40257,精靈水晶(烈炎氣息),1,1,50000
45573,40258,精靈水晶(烈炎武器),1,1,50000
45573,40263,精靈水晶(暴風神射),1,1,50000
45573,40308,金幣,10000,20000,1000000
45573,49114,龍騎士書板(驚悚死神),1,1,1000
45573,49133,記憶水晶(恐慌),1,1,1200
45573,100041,武士刀,1,1,200000
45573,100052,雙手劍,1,1,100000
45573,120182,手套,1,1,30000
45573,140074,對盔甲施法的卷軸,1,1,100000
45573,140087,對武器施法的卷軸,1,1,100000
45573,200052,雙手劍,1,1,30000
45573,220154,金屬盔甲,1,1,3000
45574,70,尖刺雙刀,1,1,5000
45574,20020,武官頭盔,1,1,5000
45574,20168,武官手套,1,1,5000
45574,20201,武官長靴,1,1,5000
45574,20313,黑暗腰帶,1,1,10000
45574,40013,自我加速藥水,1,1,300000
45574,40667,暗殺軍團印記,1,1,10000
45574,40668,暗殺軍王印記盒,1,1,10000
45574,40675,黑暗礦石,1,1,10000
45574,41147,技術書(堅固防護),1,1,5000
45575,40014,勇敢藥水,1,1,100000
45575,40015,藍色藥水,1,1,100000
45575,40443,黑色米索莉,1,1,10000
45575,40444,黑色米索莉原石,1,1,10000
45575,40524,黑色血痕,1,1,30000
45575,40678,靈魂石碎片,1,1,10000
45576,40014,勇敢藥水,1,1,100000
45576,40015,藍色藥水,1,1,100000
45576,40443,黑色米索莉,1,1,10000
45576,40444,黑色米索莉原石,1,1,10000
45576,40524,黑色血痕,1,1,30000
45576,40678,靈魂石碎片,1,1,10000
45577,62,武官雙手劍,1,1,5000
45577,20168,武官手套,1,1,5000
45577,20201,武官長靴,1,1,5000
45577,20228,武官之盾,1,1,5000
45577,20313,黑暗腰帶,1,1,10000
45577,40013,自我加速藥水,1,1,300000
45577,40638,魔獸軍團印記,1,1,10000
45577,40639,魔獸軍王印記盒,1,1,10000
45577,40675,黑暗礦石,1,1,10000
45577,41147,技術書(堅固防護),1,1,5000
45578,167,受封印 被遺忘的弩槍,1,1,10000
45578,20023,風之頭盔,1,1,5000
45578,20140,被遺忘的皮盔甲,1,1,10000
45578,20165,惡魔手套,1,1,1000
45578,20166,死亡騎士手套,1,1,1000
45578,20280,滅魔戒指,1,1,1000
45578,20303,抗魔戒指,1,1,10000
45578,40007,烏木魔杖,1,1,1000
45578,40010,治癒藥水,1,1,300000
45578,40011,強力治癒藥水,1,1,100000
45578,40012,終極治癒藥水,1,1,100000
45578,40013,自我加速藥水,1,1,100000
45578,40014,勇敢藥水,1,1,10000
45578,40015,藍色藥水,1,1,10000
45578,40016,慎重藥水,1,1,10000
45578,40017,翡翠藥水,1,1,50000
45578,40018,強化 綠色藥水,1,1,10000
45578,40019,濃縮體力恢復劑,1,1,10000
45578,40020,濃縮強力體力恢復劑,1,1,10000
45578,40021,濃縮終極體力恢復劑,1,1,10000
45578,40068,精靈餅乾,1,1,10000
45578,40076,古代的卷軸,1,1,1000
45578,40089,復活卷軸,1,1,10000
45578,40090,空的魔法卷軸(等級1),1,1,10000
45578,40091,空的魔法卷軸(等級2),1,1,10000
45578,40092,空的魔法卷軸(等級3),1,1,10000
45578,40093,空的魔法卷軸(等級4),1,1,10000
45578,40094,空的魔法卷軸(等級5),1,1,10000
45578,40119,解除咀咒的卷軸,1,1,10000
45578,40126,鑑定卷軸,1,1,10000
45578,40307,沙哈之石,1,1,10000
45578,49265,飛龍肉,1,1,0
45579,110,失去魔力的巴列斯魔杖,1,1,100
45579,20204,巴列斯長靴,1,1,500
45579,40044,鑽石,1,3,50000
45579,40047,綠寶石,1,3,50000
45579,40048,品質鑽石,1,2,10000
45579,40050,品質藍寶石,1,2,10000
45579,40052,高品質鑽石,1,1,5000
45579,40443,黑色米索莉,1,1,5000
45579,40444,黑色米索莉原石,1,1,50000
45579,40524,黑色血痕,1,1,10000
45579,40718,血石碎片,1,1,50000
45579,49164,間諜報告書,1,1,50000
45580,20284,召喚控制戒指,1,1,3000
45580,20306,小型身體腰帶,1,1,10000
45580,20307,小型靈魂腰帶,1,1,10000
45580,20312,身體腰帶,1,1,5000
45580,20316,靈魂腰帶,1,1,5000
45580,40053,高品質紅寶石,1,1,50000
45580,40111,傲慢之塔移動卷軸(81F),1,1,10000
45580,40241,精靈水晶(弱化屬性),1,1,10000
45580,40261,精靈水晶(風之疾走),1,1,10000
45580,40262,精靈水晶(暴風之眼),1,1,10000
45580,40263,精靈水晶(暴風神射),1,1,10000
45580,49136,記憶水晶(立方：和諧),1,1,900
45581,20298,潔尼斯戒指,1,1,300
45581,40112,傲慢之塔移動卷軸(91F),1,1,10000
45581,40221,魔法書(集體緩速術),1,1,10000
45581,40304,馬普勒之石,1,1,10000
45581,140074,對盔甲施法的卷軸,1,1,5000
45581,140087,對武器施法的卷軸,1,1,5000
45581,240074,對盔甲施法的卷軸,1,1,5000
45581,240087,對武器施法的卷軸,1,1,5000
45582,40014,勇敢藥水,1,3,50000
45582,40015,藍色藥水,1,3,50000
45582,40089,復活卷軸,1,3,50000
45582,40443,黑色米索莉,1,1,5000
45582,40444,黑色米索莉原石,1,1,50000
45582,40476,墮落之手,1,1,10000
45582,40480,墮落的惡魔書4冊,1,1,10000
45582,40524,黑色血痕,1,1,10000
45582,40619,東方監獄鑰匙,1,1,10000
45582,40649,東北方監獄鑰匙,1,1,10000
45582,40650,北方監獄鑰匙,1,1,10000
45582,40678,靈魂石碎片,1,1,50000
45582,49164,間諜報告書,1,1,50000
45583,41,武士刀,1,1,30000
45583,52,雙手劍,1,1,30000
45583,110,失去魔力的巴列斯魔杖,1,1,100
45583,20154,金屬盔甲,1,1,100000
45583,20182,手套,1,1,100000
45583,20204,巴列斯長靴,1,1,500
45583,20248,小型精神項鍊,1,1,300000
45583,20267,精神項鍊,1,1,10000
45583,20288,傳送控制戒指,1,1,5000
45583,20302,風靈戒指,1,1,10000
45583,20306,小型身體腰帶,1,1,10000
45583,20307,小型靈魂腰帶,1,1,10000
45583,20308,小型精神腰帶,1,1,10000
45583,20312,身體腰帶,1,1,10000
45583,20316,靈魂腰帶,1,1,10000
45583,20319,精神腰帶,1,1,10000
45583,40013,自我加速藥水,1,1,300000
45583,40014,勇敢藥水,1,1,300000
45583,40015,藍色藥水,1,1,300000
45583,40016,慎重藥水,1,1,300000
45583,40018,強化 綠色藥水,1,1,300000
45583,40044,鑽石,1,1,300000
45583,40045,紅寶石,1,1,300000
45583,40048,品質鑽石,1,1,300000
45583,40049,品質紅寶石,1,1,300000
45583,40052,高品質鑽石,1,1,300000
45583,40053,高品質紅寶石,1,1,300000
45583,40074,對盔甲施法的卷軸,1,1,300000
45583,40087,對武器施法的卷軸,1,1,300000
45583,40089,復活卷軸,1,1,300000
45583,40093,空的魔法卷軸(等級4),1,1,300000
45583,40094,空的魔法卷軸(等級5),1,1,300000
45583,40175,魔法書(魔法屏障),1,1,50000
45583,40180,魔法書(高級治癒術),1,1,50000
45583,40186,魔法書(造屍術),1,1,50000
45583,40191,魔法書(烈炎術),1,1,50000
45583,40201,魔法書(疾病術),1,1,50000
45583,40202,魔法書(全部治癒術),1,1,50000
45583,40215,魔法書(火風暴),1,1,50000
45583,40241,精靈水晶(弱化屬性),1,1,50000
45583,40261,精靈水晶(風之疾走),1,1,50000
45583,40262,精靈水晶(暴風之眼),1,1,50000
45583,40263,精靈水晶(暴風神射),1,1,50000
45583,40308,金幣,10000,20000,1000000
45583,49114,龍騎士書板(驚悚死神),1,1,1000
45583,100041,武士刀,1,1,200000
45583,100052,雙手劍,1,1,100000
45583,120182,手套,1,1,30000
45583,140074,對盔甲施法的卷軸,1,1,100000
45583,140087,對武器施法的卷軸,1,1,100000
45583,200052,雙手劍,1,1,30000
45583,220154,金屬盔甲,1,1,3000
45584,41,武士刀,1,1,30000
45584,64,巨劍,1,1,1000
45584,87,不為人知的矛,1,1,1000
45584,149,牛人斧頭,1,1,5000
45584,20154,金屬盔甲,1,1,100000
45584,20182,手套,1,1,100000
45584,20246,小型力量項鍊,1,1,300000
45584,20264,力量項鍊,1,1,5000
45584,20306,小型身體腰帶,1,1,300000
45584,20312,身體腰帶,1,1,10000
45584,40010,治癒藥水,1,1,300000
45584,40013,自我加速藥水,1,1,300000
45584,40014,勇敢藥水,1,1,300000
45584,40015,藍色藥水,1,1,300000
45584,40016,慎重藥水,1,1,300000
45584,40018,強化 綠色藥水,1,1,300000
45584,40045,紅寶石,1,1,300000
45584,40049,品質紅寶石,1,1,300000
45584,40053,高品質紅寶石,1,1,300000
45584,40074,對盔甲施法的卷軸,1,1,300000
45584,40087,對武器施法的卷軸,1,1,300000
45584,40089,復活卷軸,1,1,300000
45584,40093,空的魔法卷軸(等級4),1,1,300000
45584,40094,空的魔法卷軸(等級5),1,1,300000
45584,40193,魔法書(祝福魔法武器),1,1,50000
45584,40200,魔法書(狂暴術),1,1,50000
45584,40202,魔法書(全部治癒術),1,1,50000
45584,40258,精靈水晶(烈炎武器),1,1,50000
45584,40263,精靈水晶(暴風神射),1,1,50000
45584,40304,馬普勒之石,1,1,10000
45584,40308,金幣,8000,16000,1000000
45584,49126,記憶水晶(立方：地裂),1,1,6000
45584,49134,記憶水晶(疼痛的歡愉),1,1,1400
45584,100041,武士刀,1,1,10000
45584,120154,金屬盔甲,1,1,100000
45584,140074,對盔甲施法的卷軸,1,1,10000
45584,140087,對武器施法的卷軸,1,1,10000
45585,70,尖刺雙刀,1,1,5000
45585,20020,武官頭盔,1,1,5000
45585,20168,武官手套,1,1,5000
45585,20201,武官長靴,1,1,5000
45585,20313,黑暗腰帶,1,1,10000
45585,40013,自我加速藥水,1,1,300000
45585,40667,暗殺軍團印記,1,1,10000
45585,40668,暗殺軍王印記盒,1,1,10000
45585,40675,黑暗礦石,1,1,10000
45585,41147,技術書(堅固防護),1,1,5000
45586,40074,對盔甲施法的卷軸,1,1,10000
45586,40087,對武器施法的卷軸,1,1,10000
45586,40112,傲慢之塔移動卷軸(91F),1,1,10000
45586,40223,魔法書(絕對屏障),1,1,100
45586,40307,沙哈之石,1,1,10000
45586,49128,記憶水晶(幻想),1,1,6000
45586,140074,對盔甲施法的卷軸,1,1,5000
45586,140087,對武器施法的卷軸,1,1,5000
45586,240074,對盔甲施法的卷軸,1,1,5000
45586,240087,對武器施法的卷軸,1,1,5000
45587,40014,勇敢藥水,1,3,50000
45587,40015,藍色藥水,1,3,50000
45587,40443,黑色米索莉,1,1,5000
45587,40444,黑色米索莉原石,1,1,50000
45587,40474,墮落之毒,1,1,10000
45587,40478,墮落的惡魔書2冊,1,1,10000
45587,40524,黑色血痕,1,1,10000
45587,40649,東北方監獄鑰匙,1,1,10000
45587,40678,靈魂石碎片,1,1,50000
45587,49164,間諜報告書,1,1,50000
45588,62,武官雙手劍,1,1,5000
45588,20058,武官斗篷,1,1,5000
45588,20168,武官手套,1,1,5000
45588,20201,武官長靴,1,1,5000
45588,20313,黑暗腰帶,1,1,10000
45588,40013,自我加速藥水,1,1,300000
45588,40638,魔獸軍團印記,1,1,10000
45588,40639,魔獸軍王印記盒,1,1,10000
45588,40675,黑暗礦石,1,1,10000
45588,41147,技術書(堅固防護),1,1,5000
45589,20187,力量手套,1,1,5000
45589,40087,對武器施法的卷軸,1,1,10000
45589,40112,傲慢之塔移動卷軸(91F),1,1,10000
45589,40186,魔法書(造屍術),1,1,10000
45589,40444,黑色米索莉原石,1,1,50000
45589,49114,龍騎士書板(驚悚死神),1,1,1000
45590,40018,強化 綠色藥水,1,1,300000
45590,40113,傲慢之塔移動卷軸(100F),1,1,1000
45590,40308,金幣,493,786,1000000
45590,140087,對武器施法的卷軸,1,1,10000
45591,8,米索莉短劍,1,1,5000
45591,9,奧里哈魯根短劍,1,1,1000
45591,107,深紅長矛,1,1,5000
45591,151,惡魔斧頭,1,1,5000
45591,20172,水靈手套,1,1,5000
45591,40013,自我加速藥水,1,1,100000
45591,40048,品質鑽石,1,1,5000
45591,40049,品質紅寶石,1,1,5000
45591,40050,品質藍寶石,1,1,5000
45591,40051,品質綠寶石,1,1,5000
45591,40246,精靈水晶(鏡反射),1,1,10000
45591,40253,精靈水晶(水之元氣),1,1,10000
45591,40306,伊娃之石,1,1,10000
45591,40308,金幣,493,786,1000000
45591,49115,龍騎士書板(寒冰噴吐),1,1,5000
45591,49136,記憶水晶(立方：和諧),1,1,1000
45592,8,米索莉短劍,1,1,5000
45592,9,奧里哈魯根短劍,1,1,1000
45592,107,深紅長矛,1,1,5000
45592,151,惡魔斧頭,1,1,5000
45592,20177,地靈手套,1,1,5000
45592,40013,自我加速藥水,1,1,100000
45592,40048,品質鑽石,1,1,5000
45592,40049,品質紅寶石,1,1,5000
45592,40050,品質藍寶石,1,1,5000
45592,40051,品質綠寶石,1,1,5000
45592,40216,魔法書(藥水霜化術),1,1,10000
45592,40246,精靈水晶(鏡反射),1,1,10000
45592,40252,精靈水晶(體能激發),1,1,10000
45592,40304,馬普勒之石,1,1,10000
45592,40308,金幣,493,786,1000000
45593,8,米索莉短劍,1,1,5000
45593,9,奧里哈魯根短劍,1,1,1000
45593,107,深紅長矛,1,1,5000
45593,151,惡魔斧頭,1,1,5000
45593,20189,風靈手套,1,1,5000
45593,40013,自我加速藥水,1,1,100000
45593,40048,品質鑽石,1,1,5000
45593,40049,品質紅寶石,1,1,5000
45593,40050,品質藍寶石,1,1,5000
45593,40051,品質綠寶石,1,1,5000
45593,40216,魔法書(藥水霜化術),1,1,10000
45593,40246,精靈水晶(鏡反射),1,1,10000
45593,40264,精靈水晶(風之枷鎖),1,1,10000
45593,40307,沙哈之石,1,1,10000
45593,40308,金幣,493,786,1000000
45593,49113,龍騎士書板(奪命之雷),1,1,5000
45594,8,米索莉短劍,1,1,5000
45594,9,奧里哈魯根短劍,1,1,1000
45594,107,深紅長矛,1,1,5000
45594,151,惡魔斧頭,1,1,5000
45594,20181,火靈手套,1,1,5000
45594,40013,自我加速藥水,1,1,100000
45594,40048,品質鑽石,1,1,5000
45594,40049,品質紅寶石,1,1,5000
45594,40050,品質藍寶石,1,1,5000
45594,40051,品質綠寶石,1,1,5000
45594,40216,魔法書(藥水霜化術),1,1,10000
45594,40246,精靈水晶(鏡反射),1,1,10000
45594,40259,精靈水晶(屬性之火),1,1,10000
45594,40305,帕格里奧之石,1,1,10000
45594,40308,金幣,493,786,1000000
45594,49136,記憶水晶(立方：和諧),1,1,1000
45595,20187,力量手套,1,1,5000
45595,20246,小型力量項鍊,1,1,5000
45595,20264,力量項鍊,1,1,1000
45595,40087,對武器施法的卷軸,1,1,10000
45595,49116,龍騎士書板(覺醒：巴拉卡斯),1,1,5000
45596,40014,勇敢藥水,1,1,100000
45596,40015,藍色藥水,1,1,100000
45596,40443,黑色米索莉,1,1,10000
45596,40444,黑色米索莉原石,1,1,10000
45596,40524,黑色血痕,1,1,30000
45596,40678,靈魂石碎片,1,1,10000
45597,40014,勇敢藥水,1,1,100000
45597,40015,藍色藥水,1,1,100000
45597,40443,黑色米索莉,1,1,10000
45597,40444,黑色米索莉原石,1,1,10000
45597,40524,黑色血痕,1,1,30000
45597,40678,靈魂石碎片,1,1,10000
45598,40014,勇敢藥水,1,1,100000
45598,40015,藍色藥水,1,1,100000
45598,40443,黑色米索莉,1,1,10000
45598,40444,黑色米索莉原石,1,1,10000
45598,40524,黑色血痕,1,1,30000
45598,40678,靈魂石碎片,1,1,10000
45599,40014,勇敢藥水,1,1,100000
45599,40015,藍色藥水,1,1,100000
45599,40443,黑色米索莉,1,1,10000
45599,40444,黑色米索莉原石,1,1,10000
45599,40524,黑色血痕,1,1,30000
45599,40678,靈魂石碎片,1,1,10000
45600,15,失去魔力的克特之劍,1,1,100
45600,31,長劍,1,1,30000
45600,41,武士刀,1,1,30000
45600,52,雙手劍,1,1,30000
45600,20041,克特頭盔,1,1,500
45600,20063,保護者斗篷,1,1,10000
45600,20085,T恤,1,1,50000
45600,20149,青銅盔甲,1,1,50000
45600,20150,克特盔甲,1,1,500
45600,20182,手套,1,1,100000
45600,20184,克特手套,1,1,100
45600,20205,長靴,1,1,30000
45600,20214,克特長靴,1,1,500
45600,20229,反射之盾,1,1,50000
45600,20242,大盾牌,1,1,30000
45600,40014,勇敢藥水,1,1,300000
45600,40015,藍色藥水,1,1,300000
45600,40052,高品質鑽石,1,1,10000
45600,40053,高品質紅寶石,1,1,10000
45600,40074,對盔甲施法的卷軸,1,1,50000
45600,40087,對武器施法的卷軸,1,1,50000
45600,40089,復活卷軸,1,1,300000
45600,40100,瞬間移動卷軸,1,1,300000
45600,40164,技術書(衝擊之暈),1,1,10000
45600,40165,技術書(增幅防禦),1,1,10000
45600,40196,魔法書(召喚術),1,1,10000
45600,40200,魔法書(狂暴術),1,1,10000
45600,40215,魔法書(火風暴),1,1,10000
45600,40308,金幣,100,200,1000000
45600,49110,龍騎士書板(衝擊之膚),1,1,1000
45600,100041,武士刀,1,1,50000
45600,120149,青銅盔甲,1,1,20000
45601,2,骰子匕首,1,1,30000
45601,41,武士刀,1,1,30000
45601,52,雙手劍,1,1,30000
45601,58,死亡騎士的烈炎之劍,1,1,100
45601,76,倫得雙刀,1,1,100
45601,20010,死亡騎士頭盔,1,1,100
45601,20077,隱身斗篷,1,1,100
45601,20100,死亡騎士盔甲,1,1,300
45601,20110,抗魔法鏈甲,1,1,30000
45601,20154,金屬盔甲,1,1,100000
45601,20182,手套,1,1,100000
45601,20264,力量項鍊,1,1,100000
45601,20281,變形控制戒指,1,1,5000
45601,20284,召喚控制戒指,1,1,5000
45601,20302,風靈戒指,1,1,10000
45601,20307,小型靈魂腰帶,1,1,10000
45601,20308,小型精神腰帶,1,1,10000
45601,20316,靈魂腰帶,1,1,10000
45601,20319,精神腰帶,1,1,10000
45601,40013,自我加速藥水,1,1,300000
45601,40014,勇敢藥水,1,1,300000
45601,40015,藍色藥水,1,1,300000
45601,40016,慎重藥水,1,1,300000
45601,40018,強化 綠色藥水,1,1,300000
45601,40025,黑色藥水,1,1,300000
45601,40044,鑽石,1,1,300000
45601,40048,品質鑽石,1,1,300000
45601,40052,高品質鑽石,1,1,100000
45601,40074,對盔甲施法的卷軸,1,1,300000
45601,40087,對武器施法的卷軸,1,1,300000
45601,40089,復活卷軸,1,1,300000
45601,40093,空的魔法卷軸(等級4),1,1,300000
45601,40094,空的魔法卷軸(等級5),1,1,300000
45601,40164,技術書(衝擊之暈),1,1,50000
45601,40165,技術書(增幅防禦),1,1,50000
45601,40166,技術書(尖刺盔甲),1,1,5000
45601,40173,魔法書(吸血鬼之吻),1,1,50000
45601,40181,魔法書(迷魅術),1,1,50000
45601,40187,魔法書(體魄強健術),1,1,50000
45601,40191,魔法書(烈炎術),1,1,50000
45601,40198,魔法書(龍捲風),1,1,50000
45601,40201,魔法書(疾病術),1,1,50000
45601,40206,魔法書(返生術),1,1,50000
45601,40213,魔法書(聖結界),1,1,10000
45601,40215,魔法書(火風暴),1,1,50000
45601,40216,魔法書(藥水霜化術),1,1,50000
45601,40246,精靈水晶(鏡反射),1,1,50000
45601,40248,精靈水晶(地面障礙),1,1,10000
45601,40258,精靈水晶(烈炎武器),1,1,50000
45601,40308,金幣,15000,30000,1000000
45601,100041,武士刀,1,1,300000
45601,100052,雙手劍,1,1,100000
45601,120154,金屬盔甲,1,1,100000
45601,120182,手套,1,1,30000
45601,140074,對盔甲施法的卷軸,1,1,100000
45601,140087,對武器施法的卷軸,1,1,100000
45601,200052,雙手劍,1,1,30000
45602,132,神官魔杖,1,1,5000
45602,20030,神官頭飾,1,1,5000
45602,20067,神官斗篷,1,1,7000
45602,20176,神官手套,1,1,5000
45602,20208,神官長靴,1,1,5000
45602,40013,自我加速藥水,1,1,300000
45602,40635,法令軍團印記,1,1,10000
45602,40636,法令軍王印記盒,1,1,10000
45602,40675,黑暗礦石,1,1,10000
45602,41147,技術書(堅固防護),1,1,5000
45603,40014,勇敢藥水,3,6,100000
45603,40015,藍色藥水,3,6,50000
45603,40016,慎重藥水,3,6,50000
45603,40018,強化 綠色藥水,1,1,50000
45603,40044,鑽石,1,1,50000
45603,40046,藍寶石,1,1,50000
45603,40047,綠寶石,1,1,50000
45603,40048,品質鑽石,1,1,50000
45603,40050,品質藍寶石,1,1,50000
45603,40051,品質綠寶石,1,1,50000
45603,40052,高品質鑽石,1,1,10000
45603,40054,高品質藍寶石,1,1,10000
45603,40055,高品質綠寶石,1,1,10000
45603,40317,磨刀石,1,1,100000
45603,40420,古代人的咒術書1冊,1,1,1000
45603,40461,惡魔的黑色腳鐐,1,1,5000
45603,49112,龍騎士書板(致命身軀),1,1,5000
45603,140129,奇安的卷軸,1,1,10000
45603,140130,金侃的卷軸,1,1,10000
45604,40087,對武器施法的卷軸,1,1,10000
45604,40112,傲慢之塔移動卷軸(91F),1,1,10000
45604,40173,魔法書(吸血鬼之吻),1,1,50000
45604,40224,魔法書(靈魂昇華),1,1,5000
45604,140074,對盔甲施法的卷軸,1,1,5000
45605,40014,勇敢藥水,1,3,50000
45605,40015,藍色藥水,1,3,50000
45605,40089,復活卷軸,1,3,50000
45605,40443,黑色米索莉,1,1,5000
45605,40444,黑色米索莉原石,1,1,50000
45605,40477,墮落的惡魔書1冊,1,1,10000
45605,40482,墮落之舌,1,1,10000
45605,40524,黑色血痕,1,1,10000
45605,40650,北方監獄鑰匙,1,1,10000
45605,40678,靈魂石碎片,1,1,50000
45605,49164,間諜報告書,1,1,50000
45606,2,骰子匕首,1,1,1200
45606,41,武士刀,1,1,30000
45606,57,瑟魯基之劍,1,1,5000
45606,131,力量魔法杖,1,1,5000
45606,20063,保護者斗篷,1,1,100000
45606,20074,銀光斗蓬,1,1,2000
45606,20077,隱身斗篷,1,1,100
45606,20110,抗魔法鏈甲,1,1,30000
45606,20128,水晶盔甲,1,1,10000
45606,20266,智力項鍊,1,1,5000
45606,20281,變形控制戒指,1,1,5000
45606,20284,召喚控制戒指,1,1,5000
45606,20285,水靈戒指,1,1,5000
45606,20300,地靈戒指,1,1,5000
45606,20302,風靈戒指,1,1,5000
45606,20304,火靈戒指,1,1,5000
45606,20308,小型精神腰帶,1,1,10000
45606,20319,精神腰帶,1,1,10000
45606,20465,馬昆斯斗篷,1,1,100
45606,40006,松木魔杖,1,1,3000
45606,40007,烏木魔杖,1,1,30000
45606,40008,楓木魔杖,1,1,30000
45606,40013,自我加速藥水,1,1,300000
45606,40014,勇敢藥水,1,1,300000
45606,40015,藍色藥水,1,1,300000
45606,40016,慎重藥水,1,1,300000
45606,40018,強化 綠色藥水,1,1,300000
45606,40025,黑色藥水,1,1,300000
45606,40044,鑽石,1,1,300000
45606,40046,藍寶石,1,1,300000
45606,40048,品質鑽石,1,1,300000
45606,40050,品質藍寶石,1,1,300000
45606,40052,高品質鑽石,1,1,100000
45606,40054,高品質藍寶石,1,1,100000
45606,40074,對盔甲施法的卷軸,1,1,300000
45606,40087,對武器施法的卷軸,1,1,300000
45606,40088,變形卷軸,1,1,300000
45606,40089,復活卷軸,1,1,300000
45606,40093,空的魔法卷軸(等級4),1,1,300000
45606,40094,空的魔法卷軸(等級5),1,1,300000
45606,40173,魔法書(吸血鬼之吻),1,1,50000
45606,40175,魔法書(魔法屏障),1,1,50000
45606,40184,魔法書(魔力奪取),1,1,50000
45606,40185,魔法書(黑闇之影),1,1,50000
45606,40186,魔法書(造屍術),1,1,50000
45606,40192,魔法書(弱化術),1,1,50000
45606,40196,魔法書(召喚術),1,1,50000
45606,40201,魔法書(疾病術),1,1,50000
45606,40206,魔法書(返生術),1,1,50000
45606,40241,精靈水晶(弱化屬性),1,1,50000
45606,40278,黑暗精靈水晶(會心一擊),1,1,50000
45606,40282,封印的傲慢之塔傳送符(31F),1,1,50000
45606,40308,金幣,10000,20000,1000000
45606,140074,對盔甲施法的卷軸,1,1,100000
45606,140087,對武器施法的卷軸,1,1,100000
45606,140088,變形卷軸,1,1,300000
45606,140089,復活卷軸,1,1,300000
45607,62,武官雙手劍,1,1,5000
45607,20020,武官頭盔,1,1,5000
45607,20168,武官手套,1,1,5000
45607,20201,武官長靴,1,1,5000
45607,20313,黑暗腰帶,1,1,10000
45607,40013,自我加速藥水,1,1,300000
45607,40638,魔獸軍團印記,1,1,10000
45607,40639,魔獸軍王印記盒,1,1,10000
45607,40675,黑暗礦石,1,1,10000
45607,41147,技術書(堅固防護),1,1,5000
45608,132,神官魔杖,1,1,5000
45608,20030,神官頭飾,1,1,5000
45608,20176,神官手套,1,1,5000
45608,40013,自我加速藥水,1,1,300000
45608,40640,冥法軍王印記盒,1,1,10000
45608,40642,冥法軍團印記,1,1,10000
45608,40675,黑暗礦石,1,1,10000
45608,41147,技術書(堅固防護),1,1,5000
45608,49134,記憶水晶(疼痛的歡愉),1,1,6000
45609,111,失去魔力的冰之女王魔杖,1,1,100
45609,189,暗黑十字弓,1,1,300
45609,703,冰之女王魔杖,1,1,10000
45609,20077,隱身斗篷,1,1,100
45609,20110,抗魔法鏈甲,1,1,30000
45609,20134,冰之女王魅力禮服,1,1,100
45609,20197,惡魔長靴,1,1,100
45609,20211,冰之女王魅力涼鞋,1,1,100
45609,20266,智力項鍊,1,1,5000
45609,20267,精神項鍊,1,1,5000
45609,20285,水靈戒指,1,1,10000
45609,20288,傳送控制戒指,1,1,5000
45609,20307,小型靈魂腰帶,1,1,10000
45609,20308,小型精神腰帶,1,1,10000
45609,20316,靈魂腰帶,1,1,10000
45609,20319,精神腰帶,1,1,10000
45609,21291,冰之女王魅力頭飾,1,1,100
45609,40013,自我加速藥水,1,1,300000
45609,40015,藍色藥水,1,1,300000
45609,40016,慎重藥水,1,1,300000
45609,40018,強化 綠色藥水,1,1,300000
45609,40044,鑽石,1,1,300000
45609,40048,品質鑽石,1,1,300000
45609,40074,對盔甲施法的卷軸,1,1,300000
45609,40087,對武器施法的卷軸,1,1,300000
45609,40089,復活卷軸,1,1,300000
45609,40093,空的魔法卷軸(等級4),1,1,300000
45609,40094,空的魔法卷軸(等級5),1,1,300000
45609,40185,魔法書(黑闇之影),1,1,50000
45609,40196,魔法書(召喚術),1,1,10000
45609,40205,魔法書(隱身術),1,1,1000
45609,40209,魔法書(魔法封印),1,1,10000
45609,40214,魔法書(集體傳送術),1,1,50000
45609,40215,魔法書(火風暴),1,1,50000
45609,40216,魔法書(藥水霜化術),1,1,50000
45609,40225,魔法書(冰雪颶風),1,1,10000
45609,40251,精靈水晶(鋼鐵防護),1,1,50000
45609,40253,精靈水晶(水之元氣),1,1,50000
45609,40254,精靈水晶(生命之泉),1,1,300000
45609,40255,精靈水晶(生命的祝福),1,1,5000
45609,40260,精靈水晶(風之神射),1,1,300000
45609,40261,精靈水晶(風之疾走),1,1,300000
45609,40306,伊娃之石,1,1,10000
45609,40308,金幣,10000,20000,1000000
45609,120154,金屬盔甲,1,1,10000
45609,140074,對盔甲施法的卷軸,1,1,100000
45609,140087,對武器施法的卷軸,1,1,100000
45609,140100,瞬間移動卷軸,1,1,300000
45610,41,武士刀,1,1,30000
45610,64,巨劍,1,1,30000
45610,135,不為人知的斧,1,1,1000
45610,20154,金屬盔甲,1,1,100000
45610,20182,手套,1,1,100000
45610,20248,小型精神項鍊,1,1,10000
45610,20267,精神項鍊,1,1,10000
45610,20307,小型靈魂腰帶,1,1,10000
45610,20314,古代巨人戒指,1,1,1000
45610,20316,靈魂腰帶,1,1,10000
45610,20320,泰坦皮帶,1,1,1000
45610,40013,自我加速藥水,1,1,300000
45610,40014,勇敢藥水,1,1,300000
45610,40015,藍色藥水,1,1,300000
45610,40016,慎重藥水,1,1,300000
45610,40018,強化 綠色藥水,1,1,300000
45610,40019,濃縮體力恢復劑,1,1,300000
45610,40044,鑽石,1,1,300000
45610,40048,品質鑽石,1,1,300000
45610,40052,高品質鑽石,1,1,100000
45610,40074,對盔甲施法的卷軸,1,1,300000
45610,40087,對武器施法的卷軸,1,1,300000
45610,40089,復活卷軸,1,1,300000
45610,40093,空的魔法卷軸(等級4),1,1,300000
45610,40094,空的魔法卷軸(等級5),1,1,300000
45610,40165,技術書(增幅防禦),1,1,50000
45610,40166,技術書(尖刺盔甲),1,1,5000
45610,40175,魔法書(魔法屏障),1,1,50000
45610,40176,魔法書(冥想術),1,1,50000
45610,40184,魔法書(魔力奪取),1,1,50000
45610,40199,魔法書(強力加速術),1,1,50000
45610,40209,魔法書(魔法封印),1,1,50000
45610,40247,精靈水晶(大地防護),1,1,50000
45610,40248,精靈水晶(地面障礙),1,1,10000
45610,40250,精靈水晶(大地的祝福),1,1,50000
45610,40251,精靈水晶(鋼鐵防護),1,1,50000
45610,40259,精靈水晶(屬性之火),1,1,50000
45610,40304,馬普勒之石,1,1,300000
45610,40308,金幣,10000,20000,1000000
45610,49135,記憶水晶(幻覺：化身),1,1,900
45610,100041,武士刀,1,1,300000
45610,100064,巨劍,1,1,200000
45610,120154,金屬盔甲,1,1,100000
45610,140074,對盔甲施法的卷軸,1,1,100000
45610,140087,對武器施法的卷軸,1,1,100000
45611,40308,金幣,529,842,1000000
45611,40549,炎魔之劍,1,1,1000000
45611,40550,炎魔之眼,1,1,1000000
45611,40551,炎魔之爪,1,1,1000000
45611,40552,炎魔之心,1,1,1000000
45612,132,神官魔杖,1,1,5000
45612,20030,神官頭飾,1,1,5000
45612,20176,神官手套,1,1,5000
45612,20208,神官長靴,1,1,5000
45612,40013,自我加速藥水,1,1,300000
45612,40635,法令軍團印記,1,1,10000
45612,40636,法令軍王印記盒,1,1,10000
45612,40675,黑暗礦石,1,1,10000
45612,41147,技術書(堅固防護),1,1,5000
45614,41,武士刀,1,1,30000
45614,44,古代黑暗妖精之劍,1,1,10000
45614,164,暗黑鋼爪,1,1,500
45614,179,古代妖精弩槍,1,1,10000
45614,20015,力量魔法頭盔,1,1,50000
45614,20049,巨蟻女皇的金翅膀,1,1,300
45614,20050,巨蟻女皇的銀翅膀,1,1,300
45614,20110,抗魔法鏈甲,1,1,30000
45614,20154,金屬盔甲,1,1,100000
45614,20198,死亡騎士長靴,1,1,1000
45614,20268,體質項鍊,1,1,10000
45614,20300,地靈戒指,1,1,10000
45614,20306,小型身體腰帶,1,1,10000
45614,20312,身體腰帶,1,1,10000
45614,40013,自我加速藥水,1,1,300000
45614,40014,勇敢藥水,1,1,300000
45614,40016,慎重藥水,1,1,300000
45614,40018,強化 綠色藥水,1,1,300000
45614,40045,紅寶石,1,1,300000
45614,40047,綠寶石,1,1,300000
45614,40049,品質紅寶石,1,1,300000
45614,40051,品質綠寶石,1,1,300000
45614,40053,高品質紅寶石,1,1,300000
45614,40055,高品質綠寶石,1,1,300000
45614,40074,對盔甲施法的卷軸,1,1,300000
45614,40087,對武器施法的卷軸,1,1,300000
45614,40093,空的魔法卷軸(等級4),1,1,300000
45614,40094,空的魔法卷軸(等級5),1,1,300000
45614,40177,魔法書(岩牢),1,1,50000
45614,40180,魔法書(高級治癒術),1,1,50000
45614,40181,魔法書(迷魅術),1,1,50000
45614,40185,魔法書(黑闇之影),1,1,50000
45614,40190,魔法書(地裂術),1,1,50000
45614,40194,魔法書(體力回復術),1,1,50000
45614,40199,魔法書(強力加速術),1,1,50000
45614,40216,魔法書(藥水霜化術),1,1,50000
45614,40242,精靈水晶(魔法消除),1,1,50000
45614,40248,精靈水晶(地面障礙),1,1,10000
45614,40250,精靈水晶(大地的祝福),1,1,50000
45614,40251,精靈水晶(鋼鐵防護),1,1,50000
45614,40252,精靈水晶(體能激發),1,1,50000
45614,40261,精靈水晶(風之疾走),1,1,50000
45614,40304,馬普勒之石,1,1,10000
45614,40308,金幣,30000,60000,1000000
45614,100041,武士刀,1,1,300000
45614,120154,金屬盔甲,1,1,10000
45614,140074,對盔甲施法的卷軸,1,1,100000
45614,140087,對武器施法的卷軸,1,1,100000
45615,132,神官魔杖,1,1,5000
45615,20030,神官頭飾,1,1,5000
45615,40013,自我加速藥水,1,1,300000
45615,40640,冥法軍王印記盒,1,1,10000
45615,40642,冥法軍團印記,1,1,10000
45615,40675,黑暗礦石,1,1,10000
45615,41147,技術書(堅固防護),1,1,5000
45615,49135,記憶水晶(幻覺：化身),1,1,1300
45615,49164,間諜報告書,1,1,50000
45616,20285,水靈戒指,1,1,5000
45616,20300,地靈戒指,1,1,5000
45616,20302,風靈戒指,1,1,5000
45616,20304,火靈戒指,1,1,5000
45616,40013,自我加速藥水,1,1,100000
45616,40018,強化 綠色藥水,1,1,50000
45616,40211,魔法書(沉睡之霧),1,1,10000
45616,40246,精靈水晶(鏡反射),1,1,10000
45616,49135,記憶水晶(幻覺：化身),1,1,1100
45616,240074,對盔甲施法的卷軸,1,1,10000
45616,240087,對武器施法的卷軸,1,1,10000
45617,41,武士刀,1,1,30000
45617,20077,隱身斗篷,1,1,100
45617,20110,抗魔法鏈甲,1,1,30000
45617,20154,金屬盔甲,1,1,100000
45617,20256,敏捷項鍊,1,1,10000
45617,20281,變形控制戒指,1,1,1000
45617,20304,火靈戒指,1,1,10000
45617,20306,小型身體腰帶,1,1,10000
45617,20307,小型靈魂腰帶,1,1,10000
45617,20308,小型精神腰帶,1,1,10000
45617,20312,身體腰帶,1,1,10000
45617,20316,靈魂腰帶,1,1,10000
45617,20319,精神腰帶,1,1,10000
45617,40013,自我加速藥水,1,1,300000
45617,40014,勇敢藥水,1,1,300000
45617,40015,藍色藥水,1,1,300000
45617,40016,慎重藥水,1,1,300000
45617,40018,強化 綠色藥水,1,1,300000
45617,40048,品質鑽石,1,1,300000
45617,40049,品質紅寶石,1,1,300000
45617,40050,品質藍寶石,1,1,300000
45617,40051,品質綠寶石,1,1,300000
45617,40052,高品質鑽石,2,2,300000
45617,40053,高品質紅寶石,1,1,100000
45617,40054,高品質藍寶石,1,1,100000
45617,40055,高品質綠寶石,1,1,100000
45617,40074,對盔甲施法的卷軸,1,1,700000
45617,40087,對武器施法的卷軸,1,1,700000
45617,40089,復活卷軸,1,1,300000
45617,40093,空的魔法卷軸(等級4),1,1,300000
45617,40094,空的魔法卷軸(等級5),1,1,300000
45617,40191,魔法書(烈炎術),1,1,50000
45617,40203,魔法書(火牢),1,1,50000
45617,40206,魔法書(返生術),1,1,50000
45617,40215,魔法書(火風暴),1,1,50000
45617,40219,魔法書(流星雨),1,1,1000
45617,40241,精靈水晶(弱化屬性),1,1,50000
45617,40257,精靈水晶(烈炎氣息),1,1,50000
45617,40258,精靈水晶(烈炎武器),1,1,10000
45617,40259,精靈水晶(屬性之火),1,1,10000
45617,40305,帕格里奧之石,1,1,5000
45617,40308,金幣,20000,40000,1000000
45617,41149,精靈水晶(烈焰之魂),1,1,10000
45617,45023,魔法書(神聖犧牲),1,1,50000
45617,49134,記憶水晶(疼痛的歡愉),1,1,8000
45617,100041,武士刀,1,1,300000
45617,100057,瑟魯基之劍,1,1,75000
45617,120154,金屬盔甲,1,1,100000
45617,140074,對盔甲施法的卷軸,1,1,200000
45617,140087,對武器施法的卷軸,1,1,200000
45618,57,瑟魯基之劍,1,1,5000
45618,59,騎士范德之劍,1,1,100
45618,20187,力量手套,1,1,10000
45618,20284,召喚控制戒指,1,1,5000
45618,40013,自我加速藥水,1,1,300000
45618,40018,強化 綠色藥水,1,1,300000
45618,40074,對盔甲施法的卷軸,1,1,300000
45618,40087,對武器施法的卷軸,1,1,300000
45618,40164,技術書(衝擊之暈),1,1,50000
45618,40165,技術書(增幅防禦),1,1,50000
45618,40213,魔法書(聖結界),1,1,10000
45618,40287,封印的傲慢之塔傳送符(81F),1,1,50000
45618,40899,鋼鐵原石,1,1,300000
45618,49110,龍騎士書板(衝擊之膚),1,1,1000
45618,140074,對盔甲施法的卷軸,1,1,100000
45618,140087,對武器施法的卷軸,1,1,100000
45619,20300,地靈戒指,1,1,1000
45619,20319,精神腰帶,1,1,5000
45619,40025,黑色藥水,1,1,100000
45619,40087,對武器施法的卷軸,1,1,10000
45619,40093,空的魔法卷軸(等級4),1,1,100000
45619,40094,空的魔法卷軸(等級5),1,1,100000
45619,40304,馬普勒之石,1,1,10000
45620,20110,抗魔法鏈甲,1,1,5000
45620,20285,水靈戒指,1,1,1000
45620,20319,精神腰帶,1,1,5000
45620,40006,松木魔杖,1,1,500
45620,40007,烏木魔杖,1,1,5000
45620,40008,楓木魔杖,1,1,5000
45620,40013,自我加速藥水,1,1,100000
45620,40014,勇敢藥水,1,1,50000
45620,40016,慎重藥水,1,1,50000
45620,40018,強化 綠色藥水,1,1,50000
45620,40025,黑色藥水,1,1,100000
45620,40074,對盔甲施法的卷軸,1,1,10000
45620,40093,空的魔法卷軸(等級4),1,1,100000
45620,40094,空的魔法卷軸(等級5),1,1,100000
45620,40306,伊娃之石,1,1,10000
45620,140089,復活卷軸,1,1,100000
45621,20110,抗魔法鏈甲,1,1,5000
45621,20302,風靈戒指,1,1,1000
45621,20319,精神腰帶,1,1,5000
45621,40006,松木魔杖,1,1,500
45621,40007,烏木魔杖,1,1,5000
45621,40008,楓木魔杖,1,1,5000
45621,40013,自我加速藥水,1,1,100000
45621,40014,勇敢藥水,1,1,50000
45621,40016,慎重藥水,1,1,50000
45621,40018,強化 綠色藥水,1,1,50000
45621,40025,黑色藥水,1,1,100000
45621,40074,對盔甲施法的卷軸,1,1,10000
45621,40093,空的魔法卷軸(等級4),1,1,100000
45621,40094,空的魔法卷軸(等級5),1,1,100000
45621,40307,沙哈之石,1,1,10000
45621,140089,復活卷軸,1,1,100000
45622,20304,火靈戒指,1,1,1000
45622,20319,精神腰帶,1,1,5000
45622,40025,黑色藥水,1,1,100000
45622,40074,對盔甲施法的卷軸,1,1,5000
45622,40087,對武器施法的卷軸,1,1,5000
45622,40305,帕格里奧之石,1,1,10000
45623,40014,勇敢藥水,1,1,100000
45623,40015,藍色藥水,1,1,100000
45623,40443,黑色米索莉,1,1,10000
45623,40444,黑色米索莉原石,1,1,10000
45623,40524,黑色血痕,1,1,30000
45623,40678,靈魂石碎片,1,1,10000
45624,40014,勇敢藥水,1,1,100000
45624,40015,藍色藥水,1,1,100000
45624,40443,黑色米索莉,1,1,10000
45624,40444,黑色米索莉原石,1,1,10000
45624,40524,黑色血痕,1,1,30000
45624,40678,靈魂石碎片,1,1,10000
45625,14,混沌之刺,1,1,5000
45625,20048,混沌頭盔,1,1,5000
45625,20078,混沌斗篷,1,1,5000
45625,20158,混沌法袍,1,1,5000
45625,20190,混沌手套,1,1,5000
45625,40014,勇敢藥水,5,15,300000
45625,40015,藍色藥水,5,15,300000
45625,40443,黑色米索莉,1,5,300000
45625,40444,黑色米索莉原石,1,5,300000
45625,40524,黑色血痕,5,15,500000
45625,40678,靈魂石碎片,10,20,1000000
45625,40719,混沌首級,1,1,200000
45625,49123,記憶水晶(心靈破壞),1,1,20000
45626,40014,勇敢藥水,1,1,100000
45626,40015,藍色藥水,1,1,100000
45626,40443,黑色米索莉,1,1,10000
45626,40444,黑色米索莉原石,1,1,10000
45626,40524,黑色血痕,1,1,30000
45626,40678,靈魂石碎片,1,1,10000
45628,40014,勇敢藥水,1,1,100000
45628,40015,藍色藥水,1,1,100000
45628,40443,黑色米索莉,1,1,10000
45628,40444,黑色米索莉原石,1,1,10000
45628,40524,黑色血痕,1,1,30000
45628,40678,靈魂石碎片,1,1,10000
45629,40014,勇敢藥水,1,1,100000
45629,40015,藍色藥水,1,1,100000
45629,40443,黑色米索莉,1,1,10000
45629,40444,黑色米索莉原石,1,1,10000
45629,40524,黑色血痕,1,1,30000
45629,40678,靈魂石碎片,1,1,10000
45630,40014,勇敢藥水,1,1,100000
45630,40015,藍色藥水,1,1,100000
45630,40443,黑色米索莉,1,1,10000
45630,40444,黑色米索莉原石,1,1,10000
45630,40524,黑色血痕,1,1,30000
45630,40678,靈魂石碎片,1,1,10000
45631,40014,勇敢藥水,1,1,100000
45631,40015,藍色藥水,1,1,100000
45631,40443,黑色米索莉,1,1,10000
45631,40444,黑色米索莉原石,1,1,10000
45631,40524,黑色血痕,1,1,30000
45631,40678,靈魂石碎片,1,1,10000
45632,40014,勇敢藥水,1,1,100000
45632,40015,藍色藥水,1,1,100000
45632,40443,黑色米索莉,1,1,10000
45632,40444,黑色米索莉原石,1,1,10000
45632,40524,黑色血痕,1,1,30000
45632,40678,靈魂石碎片,1,1,10000
45641,41,武士刀,1,1,30000
45641,20077,隱身斗篷,1,1,100
45641,20110,抗魔法鏈甲,1,1,30000
45641,20266,智力項鍊,1,1,10000
45641,20281,變形控制戒指,1,1,5000
45641,20284,召喚控制戒指,1,1,5000
45641,20319,精神腰帶,1,1,10000
45641,40006,松木魔杖,1,1,3000
45641,40007,烏木魔杖,1,1,30000
45641,40008,楓木魔杖,1,1,30000
45641,40013,自我加速藥水,1,1,300000
45641,40014,勇敢藥水,1,1,300000
45641,40015,藍色藥水,1,1,300000
45641,40016,慎重藥水,1,1,300000
45641,40018,強化 綠色藥水,1,1,300000
45641,40025,黑色藥水,1,1,300000
45641,40033,萬能藥(力量),1,1,100
45641,40034,萬能藥(體質),1,1,100
45641,40035,萬能藥(敏捷),1,1,100
45641,40036,萬能藥(智慧),1,1,100
45641,40037,萬能藥(精神),1,1,100
45641,40038,萬能藥(魅力),1,1,100
45641,40046,藍寶石,1,1,300000
45641,40050,品質藍寶石,1,1,300000
45641,40074,對盔甲施法的卷軸,1,1,10000
45641,40087,對武器施法的卷軸,1,1,10000
45641,40089,復活卷軸,1,1,300000
45641,40093,空的魔法卷軸(等級4),1,1,300000
45641,40094,空的魔法卷軸(等級5),1,1,300000
45641,40308,金幣,409,654,1000000
45641,41352,神聖獨角獸之角,1,1,10000
45641,140074,對盔甲施法的卷軸,1,1,10000
45641,140087,對武器施法的卷軸,1,1,10000
45641,140089,復活卷軸,1,1,300000
45641,200041,武士刀,1,1,30000
45641,200052,雙手劍,1,1,30000
45642,20110,抗魔法鏈甲,1,1,30000
45642,20300,地靈戒指,1,1,10000
45642,20319,精神腰帶,1,1,10000
45642,40006,松木魔杖,1,1,3000
45642,40007,烏木魔杖,1,1,30000
45642,40008,楓木魔杖,1,1,30000
45642,40013,自我加速藥水,1,1,300000
45642,40014,勇敢藥水,1,1,300000
45642,40015,藍色藥水,1,1,300000
45642,40016,慎重藥水,1,1,300000
45642,40018,強化 綠色藥水,1,1,300000
45642,40025,黑色藥水,1,1,300000
45642,40033,萬能藥(力量),1,1,100
45642,40034,萬能藥(體質),1,1,100
45642,40035,萬能藥(敏捷),1,1,100
45642,40036,萬能藥(智慧),1,1,100
45642,40037,萬能藥(精神),1,1,100
45642,40038,萬能藥(魅力),1,1,100
45642,40074,對盔甲施法的卷軸,1,1,300000
45642,40087,對武器施法的卷軸,1,1,300000
45642,40089,復活卷軸,1,1,300000
45642,40093,空的魔法卷軸(等級4),1,1,300000
45642,40094,空的魔法卷軸(等級5),1,1,300000
45642,40308,金幣,700,15000,500000
45642,140074,對盔甲施法的卷軸,1,1,100000
45642,140087,對武器施法的卷軸,1,1,100000
45642,140089,復活卷軸,1,1,300000
45643,20110,抗魔法鏈甲,1,1,30000
45643,20285,水靈戒指,1,1,10000
45643,20319,精神腰帶,1,1,10000
45643,40006,松木魔杖,1,1,3000
45643,40007,烏木魔杖,1,1,30000
45643,40008,楓木魔杖,1,1,30000
45643,40013,自我加速藥水,1,1,300000
45643,40014,勇敢藥水,1,1,300000
45643,40015,藍色藥水,1,1,300000
45643,40016,慎重藥水,1,1,300000
45643,40018,強化 綠色藥水,1,1,300000
45643,40025,黑色藥水,1,1,300000
45643,40033,萬能藥(力量),1,1,100
45643,40034,萬能藥(體質),1,1,100
45643,40035,萬能藥(敏捷),1,1,100
45643,40036,萬能藥(智慧),1,1,100
45643,40037,萬能藥(精神),1,1,100
45643,40038,萬能藥(魅力),1,1,100
45643,40074,對盔甲施法的卷軸,1,1,300000
45643,40087,對武器施法的卷軸,1,1,300000
45643,40089,復活卷軸,1,1,300000
45643,40093,空的魔法卷軸(等級4),1,1,300000
45643,40094,空的魔法卷軸(等級5),1,1,300000
45643,40308,金幣,700,15000,500000
45643,140074,對盔甲施法的卷軸,1,1,100000
45643,140087,對武器施法的卷軸,1,1,100000
45643,140089,復活卷軸,1,1,300000
45644,20110,抗魔法鏈甲,1,1,30000
45644,20302,風靈戒指,1,1,10000
45644,20319,精神腰帶,1,1,10000
45644,40006,松木魔杖,1,1,3000
45644,40007,烏木魔杖,1,1,30000
45644,40008,楓木魔杖,1,1,30000
45644,40013,自我加速藥水,1,1,300000
45644,40014,勇敢藥水,1,1,300000
45644,40015,藍色藥水,1,1,300000
45644,40016,慎重藥水,1,1,300000
45644,40018,強化 綠色藥水,1,1,300000
45644,40025,黑色藥水,1,1,300000
45644,40033,萬能藥(力量),1,1,100
45644,40034,萬能藥(體質),1,1,100
45644,40035,萬能藥(敏捷),1,1,100
45644,40036,萬能藥(智慧),1,1,100
45644,40037,萬能藥(精神),1,1,100
45644,40038,萬能藥(魅力),1,1,100
45644,40074,對盔甲施法的卷軸,1,1,300000
45644,40087,對武器施法的卷軸,1,1,300000
45644,40089,復活卷軸,1,1,300000
45644,40093,空的魔法卷軸(等級4),1,1,300000
45644,40094,空的魔法卷軸(等級5),1,1,300000
45644,40308,金幣,700,15000,500000
45644,140074,對盔甲施法的卷軸,1,1,100000
45644,140087,對武器施法的卷軸,1,1,100000
45644,140089,復活卷軸,1,1,300000
45645,20110,抗魔法鏈甲,1,1,30000
45645,20304,火靈戒指,1,1,10000
45645,20319,精神腰帶,1,1,10000
45645,40006,松木魔杖,1,1,3000
45645,40007,烏木魔杖,1,1,30000
45645,40008,楓木魔杖,1,1,30000
45645,40013,自我加速藥水,1,1,300000
45645,40014,勇敢藥水,1,1,300000
45645,40015,藍色藥水,1,1,300000
45645,40016,慎重藥水,1,1,300000
45645,40018,強化 綠色藥水,1,1,300000
45645,40025,黑色藥水,1,1,300000
45645,40033,萬能藥(力量),1,1,100
45645,40034,萬能藥(體質),1,1,100
45645,40035,萬能藥(敏捷),1,1,100
45645,40036,萬能藥(智慧),1,1,100
45645,40037,萬能藥(精神),1,1,100
45645,40038,萬能藥(魅力),1,1,100
45645,40074,對盔甲施法的卷軸,1,1,300000
45645,40087,對武器施法的卷軸,1,1,300000
45645,40089,復活卷軸,1,1,300000
45645,40093,空的魔法卷軸(等級4),1,1,300000
45645,40094,空的魔法卷軸(等級5),1,1,300000
45645,40308,金幣,700,15000,500000
45645,140074,對盔甲施法的卷軸,1,1,100000
45645,140087,對武器施法的卷軸,1,1,100000
45645,140089,復活卷軸,1,1,300000
45646,107,深紅長矛,1,1,10000
45646,151,惡魔斧頭,1,1,10000
45646,20289,深淵戒指,1,1,10000
45646,40013,自我加速藥水,1,1,300000
45646,40048,品質鑽石,1,1,300000
45646,40049,品質紅寶石,1,1,300000
45646,40050,品質藍寶石,1,1,300000
45646,40051,品質綠寶石,1,1,300000
45646,40052,高品質鑽石,1,1,10000
45646,40053,高品質紅寶石,1,1,10000
45646,40054,高品質藍寶石,1,1,10000
45646,40055,高品質綠寶石,1,1,10000
45646,40164,技術書(衝擊之暈),1,1,10000
45646,40209,魔法書(魔法封印),1,1,10000
45646,40216,魔法書(藥水霜化術),1,1,10000
45646,40219,魔法書(流星雨),1,1,1000
45646,40308,金幣,5000,10000,1000000
45646,40524,黑色血痕,1,1,100000
45646,100008,米索莉短劍,1,1,10000
45646,100009,奧里哈魯根短劍,1,1,1000
45646,100107,深紅長矛,1,1,5000
45646,100151,惡魔斧頭,1,1,10000
45646,120289,深淵戒指,1,1,10000
45647,16,復仇之劍,1,1,1000
45647,108,失去魔力的惡魔鐮刀,1,1,100
45647,166,恨之鋼爪,1,1,300
45647,40014,勇敢藥水,1,3,50000
45647,40015,藍色藥水,1,3,50000
45647,40052,高品質鑽石,1,1,10000
45647,40443,黑色米索莉,1,1,5000
45647,40444,黑色米索莉原石,1,1,50000
45647,40524,黑色血痕,1,1,50000
45647,40718,血石碎片,1,1,50000
45647,49164,間諜報告書,1,1,50000
45648,78,暗殺軍王之痕,1,1,5000
45648,20020,武官頭盔,1,1,5000
45648,20168,武官手套,1,1,5000
45648,20178,暗殺軍王手套,1,1,5000
45648,20201,武官長靴,1,1,5000
45648,20313,黑暗腰帶,1,1,10000
45648,40013,自我加速藥水,1,1,300000
45648,40429,大洞穴卷軸碎片,1,1,300000
45648,40667,暗殺軍團印記,1,1,10000
45648,40668,暗殺軍王印記盒,1,1,10000
45648,40675,黑暗礦石,1,1,10000
45648,40962,暗殺軍王徽印,1,1,50000
45649,2,骰子匕首,1,1,30000
45649,16,復仇之劍,1,1,1000
45649,41,武士刀,1,1,30000
45649,52,雙手劍,1,1,30000
45649,57,瑟魯基之劍,1,1,5000
45649,84,暗黑雙刀,1,1,100
45649,108,失去魔力的惡魔鐮刀,1,1,100
45649,166,恨之鋼爪,1,1,300
45649,20009,惡魔頭盔,1,1,100
45649,20077,隱身斗篷,1,1,100
45649,20099,惡魔盔甲,1,1,1000
45649,20125,鏈甲,1,1,30000
45649,20128,水晶盔甲,1,1,5000
45649,20154,金屬盔甲,1,1,100000
45649,20187,力量手套,1,1,10000
45649,20264,力量項鍊,1,1,10000
45649,20266,智力項鍊,1,1,10000
45649,20304,火靈戒指,1,1,10000
45649,20307,小型靈魂腰帶,1,1,300000
45649,20308,小型精神腰帶,1,1,300000
45649,20316,靈魂腰帶,1,1,10000
45649,20319,精神腰帶,1,1,10000
45649,40006,松木魔杖,1,1,3000
45649,40008,楓木魔杖,1,1,30000
45649,40013,自我加速藥水,1,1,300000
45649,40014,勇敢藥水,1,1,300000
45649,40015,藍色藥水,1,1,300000
45649,40016,慎重藥水,1,1,300000
45649,40025,黑色藥水,1,1,300000
45649,40048,品質鑽石,1,1,300000
45649,40052,高品質鑽石,1,1,100000
45649,40053,高品質紅寶石,1,1,100000
45649,40074,對盔甲施法的卷軸,1,1,300000
45649,40087,對武器施法的卷軸,1,1,300000
45649,40094,空的魔法卷軸(等級5),1,1,300000
45649,40164,技術書(衝擊之暈),1,1,50000
45649,40200,魔法書(狂暴術),1,1,50000
45649,40215,魔法書(火風暴),1,1,50000
45649,40219,魔法書(流星雨),1,1,1000
45649,40308,金幣,20000,40000,1000000
45649,40444,黑色米索莉原石,1,1,50000
45649,49114,龍騎士書板(驚悚死神),1,1,1000
45649,49116,龍騎士書板(覺醒：巴拉卡斯),1,1,5000
45649,120154,金屬盔甲,1,1,100000
45649,140074,對盔甲施法的卷軸,1,1,100000
45649,140087,對武器施法的卷軸,1,1,100000
45649,140089,復活卷軸,1,1,300000
45650,52,雙手劍,1,1,30000
45650,57,瑟魯基之劍,1,1,5000
45650,84,暗黑雙刀,1,1,100
45650,20110,抗魔法鏈甲,1,1,30000
45650,20128,水晶盔甲,1,1,5000
45650,20154,金屬盔甲,1,1,100000
45650,20284,召喚控制戒指,1,1,5000
45650,20285,水靈戒指,1,1,5000
45650,20300,地靈戒指,1,1,5000
45650,20302,風靈戒指,1,1,5000
45650,20304,火靈戒指,1,1,5000
45650,20308,小型精神腰帶,1,1,10000
45650,20319,精神腰帶,1,1,10000
45650,40006,松木魔杖,1,1,3000
45650,40007,烏木魔杖,1,1,30000
45650,40008,楓木魔杖,1,1,30000
45650,40013,自我加速藥水,1,1,300000
45650,40014,勇敢藥水,1,1,300000
45650,40016,慎重藥水,1,1,300000
45650,40018,強化 綠色藥水,1,1,300000
45650,40025,黑色藥水,1,1,300000
45650,40074,對盔甲施法的卷軸,1,1,300000
45650,40087,對武器施法的卷軸,1,1,300000
45650,40089,復活卷軸,1,1,300000
45650,40093,空的魔法卷軸(等級4),1,1,300000
45650,40094,空的魔法卷軸(等級5),1,1,300000
45650,40185,魔法書(黑闇之影),1,1,50000
45650,40186,魔法書(造屍術),1,1,50000
45650,40192,魔法書(弱化術),1,1,50000
45650,40201,魔法書(疾病術),1,1,50000
45650,40206,魔法書(返生術),1,1,50000
45650,40209,魔法書(魔法封印),1,1,50000
45650,40277,黑暗精靈水晶(暗影之牙),1,1,50000
45650,40283,封印的傲慢之塔傳送符(41F),1,1,50000
45650,40308,金幣,10000,20000,1000000
45650,49114,龍騎士書板(驚悚死神),1,1,1000
45650,100052,雙手劍,1,1,100000
45650,120154,金屬盔甲,1,1,100000
45650,140074,對盔甲施法的卷軸,1,1,100000
45650,140087,對武器施法的卷軸,1,1,100000
45650,140089,復活卷軸,1,1,300000
45650,200052,雙手劍,1,1,30000
45651,155,魔獸軍王之爪,1,1,10000
45651,163,巴蘭卡鋼爪,1,1,500
45651,20020,武官頭盔,1,1,10000
45651,20022,巴蘭卡頭盔,1,1,300
45651,20113,武官護鎧,1,1,10000
45651,20116,巴蘭卡盔甲,1,1,300
45651,20168,武官手套,1,1,10000
45651,20169,巴蘭卡手套,1,1,100
45651,20200,魔獸軍王長靴,1,1,100
45651,20201,武官長靴,1,1,10000
45651,20202,巴蘭卡長靴,1,1,300
45651,20313,黑暗腰帶,1,1,50000
45651,40013,自我加速藥水,1,1,300000
45651,40429,大洞穴卷軸碎片,1,1,300000
45651,40638,魔獸軍團印記,1,1,10000
45651,40675,黑暗礦石,1,1,50000
45652,20246,小型力量項鍊,1,1,100000
45652,20264,力量項鍊,1,1,50000
45652,20308,小型精神腰帶,1,1,50000
45652,20312,身體腰帶,1,1,10000
45652,40013,自我加速藥水,1,1,300000
45652,40018,強化 綠色藥水,1,1,300000
45652,40074,對盔甲施法的卷軸,1,1,300000
45652,40087,對武器施法的卷軸,1,1,300000
45652,40284,封印的傲慢之塔傳送符(51F),1,1,50000
45652,40307,沙哈之石,1,1,10000
45652,140074,對盔甲施法的卷軸,1,1,100000
45652,140087,對武器施法的卷軸,1,1,100000
45653,20017,木乃伊王的王冠,1,1,500
45653,20285,水靈戒指,1,1,10000
45653,20300,地靈戒指,1,1,10000
45653,20302,風靈戒指,1,1,10000
45653,20304,火靈戒指,1,1,10000
45653,40013,自我加速藥水,1,1,300000
45653,40018,強化 綠色藥水,1,1,300000
45653,40074,對盔甲施法的卷軸,1,1,300000
45653,40087,對武器施法的卷軸,1,1,300000
45653,40093,空的魔法卷軸(等級4),1,1,300000
45653,40094,空的魔法卷軸(等級5),1,1,300000
45653,40211,魔法書(沉睡之霧),1,1,10000
45653,40216,魔法書(藥水霜化術),1,1,10000
45653,40285,封印的傲慢之塔傳送符(61F),1,1,50000
45653,49135,記憶水晶(幻覺：化身),1,1,1300
45653,140074,對盔甲施法的卷軸,1,1,100000
45653,140087,對武器施法的卷軸,1,1,100000
45653,240074,對盔甲施法的卷軸,1,1,100000
45653,240087,對武器施法的卷軸,1,1,100000
45654,20187,力量手套,1,1,10000
45654,20246,小型力量項鍊,1,1,100000
45654,20260,艾莉絲項鍊,1,1,100
45654,20264,力量項鍊,1,1,10000
45654,20308,小型精神腰帶,1,1,10000
45654,20319,精神腰帶,1,1,10000
45654,40013,自我加速藥水,1,1,300000
45654,40014,勇敢藥水,1,1,300000
45654,40015,藍色藥水,1,1,300000
45654,40016,慎重藥水,1,1,300000
45654,40018,強化 綠色藥水,1,1,300000
45654,40045,紅寶石,1,1,300000
45654,40049,品質紅寶石,1,1,300000
45654,40053,高品質紅寶石,1,1,300000
45654,40074,對盔甲施法的卷軸,1,1,300000
45654,40087,對武器施法的卷軸,1,1,300000
45654,40089,復活卷軸,1,1,300000
45654,40093,空的魔法卷軸(等級4),1,1,300000
45654,40094,空的魔法卷軸(等級5),1,1,300000
45654,40202,魔法書(全部治癒術),1,1,50000
45654,40210,魔法書(雷霆風暴),1,1,10000
45654,40225,魔法書(冰雪颶風),1,1,10000
45654,40286,封印的傲慢之塔傳送符(71F),1,1,50000
45654,49116,龍騎士書板(覺醒：巴拉卡斯),1,1,5000
45654,140074,對盔甲施法的卷軸,1,1,100000
45654,140087,對武器施法的卷軸,1,1,100000
45664,57,瑟魯基之劍,1,1,1000
45664,20187,力量手套,1,1,1000
45664,20284,召喚控制戒指,1,1,3000
45664,40013,自我加速藥水,1,1,100000
45664,40018,強化 綠色藥水,1,1,50000
45664,40164,技術書(衝擊之暈),1,1,10000
45664,40206,魔法書(返生術),1,1,10000
45664,40899,鋼鐵原石,1,1,100000
45668,49134,記憶水晶(疼痛的歡愉),1,1,10000
45669,40014,勇敢藥水,1,1,50000
45669,40016,慎重藥水,1,1,50000
45669,40074,對盔甲施法的卷軸,1,1,10000
45669,40087,對武器施法的卷軸,1,1,10000
45669,40119,解除咀咒的卷軸,1,1,100000
45669,40219,魔法書(流星雨),1,1,100
45669,40267,黑暗精靈水晶(影之防護),1,1,10000
45669,40271,黑暗精靈水晶(燃燒鬥志),1,1,10000
45669,40273,黑暗精靈水晶(毒性抵抗),1,1,10000
45669,40274,黑暗精靈水晶(敏捷提升),1,1,10000
45669,40275,黑暗精靈水晶(雙重破壞),1,1,10000
45669,40277,黑暗精靈水晶(暗影之牙),1,1,10000
45669,40308,金幣,685,1086,1000000
45669,40427,黑暗妖精袋子,1,1,50000
45670,40308,金幣,685,1086,1000000
45671,40074,對盔甲施法的卷軸,1,1,300000
45671,40087,對武器施法的卷軸,1,1,300000
45671,40167,古老皮袋,1,1,300000
45671,40168,古老絲袋,1,1,300000
45671,40415,遺物袋子,1,1,300000
45671,140074,對盔甲施法的卷軸,1,1,300000
45671,140087,對武器施法的卷軸,1,1,300000
45671,140089,復活卷軸,1,1,300000
45672,41,武士刀,1,1,30000
45672,52,雙手劍,1,1,30000
45672,57,瑟魯基之劍,1,1,5000
45672,20074,銀光斗蓬,1,1,2000
45672,20077,隱身斗篷,1,1,100
45672,20107,巫妖斗篷,1,1,300
45672,20110,抗魔法鏈甲,1,1,30000
45672,20128,水晶盔甲,1,1,5000
45672,20149,青銅盔甲,1,1,100000
45672,20154,金屬盔甲,1,1,100000
45672,20187,力量手套,1,1,10000
45672,20266,智力項鍊,1,1,10000
45672,20281,變形控制戒指,1,1,10000
45672,20284,召喚控制戒指,1,1,5000
45672,20285,水靈戒指,1,1,10000
45672,20300,地靈戒指,1,1,10000
45672,20302,風靈戒指,1,1,10000
45672,20304,火靈戒指,1,1,10000
45672,20308,小型精神腰帶,1,1,100000
45672,20319,精神腰帶,1,1,100000
45672,40006,松木魔杖,1,1,3000
45672,40007,烏木魔杖,1,1,30000
45672,40008,楓木魔杖,1,1,30000
45672,40013,自我加速藥水,1,1,300000
45672,40014,勇敢藥水,1,1,300000
45672,40015,藍色藥水,1,1,300000
45672,40016,慎重藥水,1,1,300000
45672,40018,強化 綠色藥水,1,1,300000
45672,40025,黑色藥水,1,1,300000
45672,40074,對盔甲施法的卷軸,1,1,300000
45672,40087,對武器施法的卷軸,1,1,300000
45672,40089,復活卷軸,1,1,300000
45672,40093,空的魔法卷軸(等級4),1,1,300000
45672,40094,空的魔法卷軸(等級5),1,1,300000
45672,40185,魔法書(黑闇之影),1,1,100000
45672,40192,魔法書(弱化術),1,1,50000
45672,40201,魔法書(疾病術),1,1,50000
45672,40206,魔法書(返生術),1,1,50000
45672,40209,魔法書(魔法封印),1,1,50000
45672,40217,魔法書(強力無所遁形術),1,1,10000
45672,40220,魔法書(終極返生術),1,1,50000
45672,40246,精靈水晶(鏡反射),1,1,50000
45672,40288,封印的傲慢之塔傳送符(91F),1,1,50000
45672,40444,黑色米索莉原石,1,1,100000
45672,49114,龍騎士書板(驚悚死神),1,1,1000
45672,120154,金屬盔甲,1,1,100000
45672,140074,對盔甲施法的卷軸,1,1,100000
45672,140087,對武器施法的卷軸,1,1,100000
45672,140089,復活卷軸,1,1,300000
45673,41,武士刀,1,1,30000
45673,57,瑟魯基之劍,1,1,5000
45673,20074,銀光斗蓬,1,1,2000
45673,20077,隱身斗篷,1,1,100
45673,20128,水晶盔甲,1,1,5000
45673,20187,力量手套,1,1,10000
45673,20281,變形控制戒指,1,1,5000
45673,20284,召喚控制戒指,1,1,5000
45673,20285,水靈戒指,1,1,50000
45673,20300,地靈戒指,1,1,50000
45673,20302,風靈戒指,1,1,50000
45673,20304,火靈戒指,1,1,50000
45673,20308,小型精神腰帶,1,1,100000
45673,20319,精神腰帶,1,1,100000
45673,40006,松木魔杖,1,1,3000
45673,40007,烏木魔杖,1,1,30000
45673,40008,楓木魔杖,1,1,30000
45673,40013,自我加速藥水,1,1,300000
45673,40014,勇敢藥水,1,1,300000
45673,40016,慎重藥水,1,1,300000
45673,40018,強化 綠色藥水,1,1,300000
45673,40025,黑色藥水,1,1,300000
45673,40074,對盔甲施法的卷軸,1,1,300000
45673,40087,對武器施法的卷軸,1,1,300000
45673,40089,復活卷軸,1,1,300000
45673,40093,空的魔法卷軸(等級4),1,1,300000
45673,40094,空的魔法卷軸(等級5),1,1,300000
45673,40196,魔法書(召喚術),1,1,50000
45673,40206,魔法書(返生術),1,1,50000
45673,40222,魔法書(究極光裂術),1,1,1000
45673,49134,記憶水晶(疼痛的歡愉),1,1,80000
45673,140074,對盔甲施法的卷軸,1,1,100000
45673,140087,對武器施法的卷軸,1,1,100000
45673,140089,復活卷軸,1,1,300000
45674,20075,死亡斗篷,1,1,5000
45674,20144,死亡盔甲,1,1,5000
45674,20183,死亡手套,1,1,5000
45674,20240,死亡之盾,1,1,5000
45674,40014,勇敢藥水,5,15,300000
45674,40015,藍色藥水,5,15,300000
45674,40443,黑色米索莉,1,5,300000
45674,40444,黑色米索莉原石,1,5,300000
45674,40524,黑色血痕,5,15,500000
45674,40678,靈魂石碎片,10,20,1000000
45674,40704,死亡尾骨,1,1,5000
45674,40705,死亡巨斧,1,1,5000
45674,40706,死亡戰錘,1,1,5000
45674,40707,死亡首級,1,1,100000
45674,40708,死亡長矛,1,1,5000
45674,40709,死亡之劍,1,1,5000
45674,40780,死亡首級,1,1,100000
45674,40781,死亡首級,1,1,100000
45674,49123,記憶水晶(心靈破壞),1,1,80000
45676,132,神官魔杖,1,1,10000
45676,20030,神官頭飾,1,1,10000
45676,20057,冥法軍王斗篷,1,1,300
45676,20233,神官魔法書,1,1,10000
45676,20255,冥法軍王之戒,1,1,100
45676,40013,自我加速藥水,1,1,300000
45676,40429,大洞穴卷軸碎片,1,1,300000
45676,40640,冥法軍王印記盒,1,1,10000
45676,40642,冥法軍團印記,1,1,10000
45676,40675,黑暗礦石,1,1,10000
45676,40959,冥法軍王徽印,1,1,300000
45676,41149,精靈水晶(烈焰之魂),1,1,1000
45677,117,蕾雅魔杖,1,1,100
45677,132,神官魔杖,1,1,10000
45677,20030,神官頭飾,1,1,10000
45677,20106,蕾雅長袍,1,1,10000
45677,20109,法令軍王長袍,1,1,1000
45677,20176,神官手套,1,1,10000
45677,20208,神官長靴,1,1,5000
45677,20233,神官魔法書,1,1,1000
45677,20252,蕾雅項鍊,1,1,1000
45677,20253,法令軍王之鍊,1,1,500
45677,20279,蕾雅戒指,1,1,500
45677,20313,黑暗腰帶,1,1,10000
45677,40013,自我加速藥水,1,1,300000
45677,40429,大洞穴卷軸碎片,1,1,300000
45677,40635,法令軍團印記,1,1,10000
45677,40675,黑暗礦石,1,1,10000
45678,20012,法師之帽,1,1,50000
45678,20042,賽尼斯頭箍,1,1,500
45678,20056,抗魔法斗篷,1,1,100000
45678,20074,銀光斗蓬,1,1,2000
45678,20111,法師長袍,1,1,30000
45678,20151,賽尼斯斗篷,1,1,500
45678,20170,反王手套,1,1,100
45678,20185,賽尼斯手套,1,1,100
45678,20266,智力項鍊,1,1,10000
45678,20267,精神項鍊,1,1,10000
45678,20285,水靈戒指,1,1,10000
45678,20300,地靈戒指,1,1,10000
45678,20302,風靈戒指,1,1,10000
45678,20304,火靈戒指,1,1,10000
45678,20319,精神腰帶,1,1,50000
45678,40224,魔法書(靈魂昇華),1,1,1000
45678,40255,精靈水晶(生命的祝福),1,1,5000
45678,40308,金幣,839,1325,1000000
45678,120074,銀光斗蓬,1,1,100
45680,57,瑟魯基之劍,1,1,5000
45680,20013,敏捷魔法頭盔,1,1,30000
45680,20014,治癒魔法頭盔,1,1,50000
45680,20015,力量魔法頭盔,1,1,50000
45680,20024,反王頭盔,1,1,300
45680,20077,隱身斗篷,1,1,100
45680,20085,T恤,1,1,100000
45680,20118,反王盔甲,1,1,300
45680,20128,水晶盔甲,1,1,5000
45680,20182,手套,1,1,50000
45680,20203,反王長靴,1,1,300
45680,20205,長靴,1,1,30000
45680,20215,賽尼斯長靴,1,1,500
45680,20231,塔盾,1,1,100000
45680,20264,力量項鍊,1,1,10000
45680,20268,體質項鍊,1,1,10000
45680,20312,身體腰帶,1,1,10000
45680,40166,技術書(尖刺盔甲),1,1,5000
45680,40211,魔法書(沉睡之霧),1,1,50000
45680,40308,金幣,909,1436,1000000
45681,20281,變形控制戒指,1,1,300000
45681,20288,傳送控制戒指,1,1,300000
45681,40044,鑽石,1,1,300000
45681,40047,綠寶石,1,1,300000
45681,40048,品質鑽石,1,1,300000
45681,40051,品質綠寶石,1,1,300000
45681,40052,高品質鑽石,1,1,300000
45681,40055,高品質綠寶石,1,1,300000
45681,40172,魔法書(壞物術),1,1,300000
45681,40174,魔法書(緩速術),1,1,300000
45681,40181,魔法書(迷魅術),1,1,300000
45681,40187,魔法書(體魄強健術),1,1,300000
45681,40190,魔法書(地裂術),1,1,300000
45681,40194,魔法書(體力回復術),1,1,300000
45681,40196,魔法書(召喚術),1,1,300000
45681,40206,魔法書(返生術),1,1,300000
45681,40214,魔法書(集體傳送術),1,1,300000
45681,40260,精靈水晶(風之神射),1,1,300000
45681,40262,精靈水晶(暴風之眼),1,1,300000
45681,40263,精靈水晶(暴風神射),1,1,300000
45681,40308,金幣,1221,1922,1000000
45681,40366,林德拜爾之爪,1,1,100000
45681,40367,林德拜爾之眼,1,1,100000
45681,40368,林德拜爾之血,1,1,100000
45681,40369,林德拜爾之肉,1,1,100000
45681,40370,林德拜爾之心,1,1,100000
45681,40371,林德拜爾之骨,1,1,100000
45681,40372,林德拜爾之牙,1,1,100000
45681,40394,風龍鱗,1,1,300000
45681,100041,武士刀,1,1,300000
45681,100057,瑟魯基之劍,1,1,100000
45681,100189,暗黑十字弓,1,1,300000
45681,120077,隱身斗篷,1,1,300000
45681,120128,水晶盔甲,1,1,100000
45681,120154,金屬盔甲,1,1,100000
45681,120182,手套,1,1,30000
45681,120267,精神項鍊,1,1,300000
45681,120268,體質項鍊,1,1,300000
45681,120302,風靈戒指,1,1,300000
45681,120306,小型身體腰帶,1,1,300000
45681,120307,小型靈魂腰帶,1,1,300000
45681,120308,小型精神腰帶,1,1,300000
45681,120312,身體腰帶,1,1,300000
45681,120316,靈魂腰帶,1,1,300000
45681,120319,精神腰帶,1,1,300000
45681,140013,自我加速藥水,1,1,300000
45681,140014,勇敢藥水,1,1,300000
45681,140016,慎重藥水,1,1,300000
45681,140018,強化 綠色藥水,1,1,300000
45681,140074,對盔甲施法的卷軸,1,1,300000
45681,140087,對武器施法的卷軸,1,1,300000
45682,20281,變形控制戒指,1,1,300000
45682,20288,傳送控制戒指,1,1,300000
45682,40044,鑽石,1,1,300000
45682,40047,綠寶石,1,1,300000
45682,40048,品質鑽石,1,1,300000
45682,40051,品質綠寶石,1,1,300000
45682,40052,高品質鑽石,1,1,300000
45682,40055,高品質綠寶石,1,1,300000
45682,40172,魔法書(壞物術),1,1,300000
45682,40174,魔法書(緩速術),1,1,300000
45682,40181,魔法書(迷魅術),1,1,300000
45682,40187,魔法書(體魄強健術),1,1,300000
45682,40190,魔法書(地裂術),1,1,300000
45682,40194,魔法書(體力回復術),1,1,300000
45682,40196,魔法書(召喚術),1,1,300000
45682,40206,魔法書(返生術),1,1,300000
45682,40214,魔法書(集體傳送術),1,1,300000
45682,40247,精靈水晶(大地防護),1,1,300000
45682,40248,精靈水晶(地面障礙),1,1,300000
45682,40250,精靈水晶(大地的祝福),1,1,300000
45682,40251,精靈水晶(鋼鐵防護),1,1,300000
45682,40308,金幣,1305,2054,1000000
45682,40342,安塔瑞斯之爪,1,1,100000
45682,40343,安塔瑞斯之眼,1,1,100000
45682,40344,安塔瑞斯之血,1,1,100000
45682,40345,安塔瑞斯之肉,1,1,100000
45682,40346,安塔瑞斯之心,1,1,100000
45682,40347,安塔瑞斯之骨,1,1,100000
45682,40348,安塔瑞斯之牙,1,1,100000
45682,40396,地龍鱗,1,1,300000
45682,100041,武士刀,1,1,300000
45682,100057,瑟魯基之劍,1,1,100000
45682,100164,暗黑鋼爪,1,1,300000
45682,120077,隱身斗篷,1,1,300000
45682,120128,水晶盔甲,1,1,100000
45682,120154,金屬盔甲,1,1,100000
45682,120182,手套,1,1,30000
45682,120248,小型精神項鍊,1,1,300000
45682,120249,小型體質項鍊,1,1,300000
45682,120267,精神項鍊,1,1,300000
45682,120268,體質項鍊,1,1,300000
45682,120300,地靈戒指,1,1,300000
45682,120306,小型身體腰帶,1,1,300000
45682,120307,小型靈魂腰帶,1,1,300000
45682,120308,小型精神腰帶,1,1,300000
45682,120312,身體腰帶,1,1,300000
45682,120316,靈魂腰帶,1,1,300000
45682,120319,精神腰帶,1,1,300000
45682,140013,自我加速藥水,1,1,300000
45682,140014,勇敢藥水,1,1,300000
45682,140016,慎重藥水,1,1,300000
45682,140018,強化 綠色藥水,1,1,300000
45682,140074,對盔甲施法的卷軸,1,1,300000
45682,140087,對武器施法的卷軸,1,1,300000
45683,20281,變形控制戒指,1,1,300000
45683,20288,傳送控制戒指,1,1,300000
45683,40044,鑽石,1,1,300000
45683,40046,藍寶石,1,1,300000
45683,40048,品質鑽石,1,1,300000
45683,40050,品質藍寶石,1,1,300000
45683,40052,高品質鑽石,1,1,300000
45683,40054,高品質藍寶石,1,1,300000
45683,40174,魔法書(緩速術),1,1,300000
45683,40182,魔法書(聖潔之光),1,1,300000
45683,40194,魔法書(體力回復術),1,1,300000
45683,40195,魔法書(冰矛圍籬),1,1,300000
45683,40196,魔法書(召喚術),1,1,300000
45683,40202,魔法書(全部治癒術),1,1,300000
45683,40204,魔法書(冰雪暴),1,1,300000
45683,40206,魔法書(返生術),1,1,300000
45683,40222,魔法書(究極光裂術),1,1,1000
45683,40236,精靈水晶(屬性防禦),1,1,300000
45683,40254,精靈水晶(生命之泉),1,1,300000
45683,40255,精靈水晶(生命的祝福),1,1,300000
45683,40308,金幣,1393,2192,1000000
45683,40358,法利昂之爪,1,1,100000
45683,40359,法利昂之眼,1,1,100000
45683,40360,法利昂之血,1,1,100000
45683,40361,法利昂之肉,1,1,100000
45683,40362,法利昂之心,1,1,100000
45683,40363,法利昂之骨,1,1,100000
45683,40364,法利昂之牙,1,1,100000
45683,40395,水龍鱗,1,1,300000
45683,100041,武士刀,1,1,300000
45683,100057,瑟魯基之劍,1,1,100000
45683,120077,隱身斗篷,1,1,300000
45683,120128,水晶盔甲,1,1,100000
45683,120154,金屬盔甲,1,1,100000
45683,120182,手套,1,1,30000
45683,120244,小型魅力項鍊,1,1,300000
45683,120245,小型敏捷項鍊,1,1,300000
45683,120254,魅力項鍊,1,1,300000
45683,120256,敏捷項鍊,1,1,300000
45683,120285,水靈戒指,1,1,300000
45683,120306,小型身體腰帶,1,1,300000
45683,120307,小型靈魂腰帶,1,1,300000
45683,120308,小型精神腰帶,1,1,300000
45683,120312,身體腰帶,1,1,300000
45683,120316,靈魂腰帶,1,1,300000
45683,120319,精神腰帶,1,1,300000
45683,140006,松木魔杖,1,1,30000
45683,140008,楓木魔杖,1,1,300000
45683,140013,自我加速藥水,1,1,300000
45683,140014,勇敢藥水,1,1,300000
45683,140016,慎重藥水,1,1,300000
45683,140018,強化 綠色藥水,1,1,300000
45683,140074,對盔甲施法的卷軸,1,1,300000
45683,140087,對武器施法的卷軸,1,1,300000
45684,20281,變形控制戒指,1,1,300000
45684,20288,傳送控制戒指,1,1,300000
45684,40044,鑽石,1,1,300000
45684,40045,紅寶石,1,1,300000
45684,40048,品質鑽石,1,1,300000
45684,40049,品質紅寶石,1,1,300000
45684,40052,高品質鑽石,1,1,300000
45684,40053,高品質紅寶石,1,1,300000
45684,40170,魔法書(燃燒的火球),1,1,300000
45684,40171,魔法書(通暢氣脈術),1,1,300000
45684,40174,魔法書(緩速術),1,1,300000
45684,40181,魔法書(迷魅術),1,1,300000
45684,40188,魔法書(加速術),1,1,300000
45684,40191,魔法書(烈炎術),1,1,300000
45684,40194,魔法書(體力回復術),1,1,300000
45684,40196,魔法書(召喚術),1,1,300000
45684,40199,魔法書(強力加速術),1,1,300000
45684,40205,魔法書(隱身術),1,1,300000
45684,40206,魔法書(返生術),1,1,300000
45684,40215,魔法書(火風暴),1,1,300000
45684,40219,魔法書(流星雨),1,1,300000
45684,40222,魔法書(究極光裂術),1,1,300000
45684,40256,精靈水晶(火焰武器),1,1,300000
45684,40257,精靈水晶(烈炎氣息),1,1,300000
45684,40258,精靈水晶(烈炎武器),1,1,300000
45684,40308,金幣,1453,2286,1000000
45684,40350,巴拉卡斯之爪,1,1,100000
45684,40351,巴拉卡斯之眼,1,1,100000
45684,40352,巴拉卡斯之血,1,1,100000
45684,40353,巴拉卡斯之肉,1,1,100000
45684,40354,巴拉卡斯之心,1,1,100000
45684,40355,巴拉卡斯之骨,1,1,100000
45684,40356,巴拉卡斯之牙,1,1,100000
45684,40393,火龍鱗,1,1,300000
45684,100041,武士刀,1,1,300000
45684,100057,瑟魯基之劍,1,1,100000
45684,100084,暗黑雙刀,1,1,300000
45684,120077,隱身斗篷,1,1,300000
45684,120128,水晶盔甲,1,1,100000
45684,120154,金屬盔甲,1,1,100000
45684,120182,手套,1,1,30000
45684,120246,小型力量項鍊,1,1,300000
45684,120247,小型智力項鍊,1,1,300000
45684,120264,力量項鍊,1,1,300000
45684,120266,智力項鍊,1,1,300000
45684,120304,火靈戒指,1,1,300000
45684,120306,小型身體腰帶,1,1,300000
45684,120307,小型靈魂腰帶,1,1,300000
45684,120308,小型精神腰帶,1,1,300000
45684,120312,身體腰帶,1,1,300000
45684,120316,靈魂腰帶,1,1,300000
45684,120319,精神腰帶,1,1,300000
45684,140006,松木魔杖,1,1,30000
45684,140008,楓木魔杖,1,1,300000
45684,140013,自我加速藥水,1,1,300000
45684,140014,勇敢藥水,1,1,300000
45684,140016,慎重藥水,1,1,300000
45684,140018,強化 綠色藥水,1,1,300000
45684,140074,對盔甲施法的卷軸,1,1,300000
45684,140087,對武器施法的卷軸,1,1,300000
45685,20076,墮落斗篷,1,1,300
45685,20152,墮落長袍,1,1,500
45685,20186,墮落手套,1,1,100
45685,20216,墮落長靴,1,1,500
45685,40014,勇敢藥水,1,1,300000
45685,40015,藍色藥水,1,1,300000
45685,40016,慎重藥水,1,1,300000
45685,40018,強化 綠色藥水,1,1,300000
45685,40089,復活卷軸,1,1,300000
45685,40308,金幣,749,1185,1000000
45685,40443,黑色米索莉,1,1,10000
45685,40444,黑色米索莉原石,1,1,300000
45685,40473,墮落鐮刀,1,1,10000
45685,40475,墮落首級,1,1,10000
45685,40524,黑色血痕,1,1,50000
45685,40619,東方監獄鑰匙,1,1,10000
45685,40649,東北方監獄鑰匙,1,1,10000
45685,40650,北方監獄鑰匙,1,1,10000
45685,40678,靈魂石碎片,1,1,300000
45685,49110,龍騎士書板(衝擊之膚),1,1,1000
45685,140100,瞬間移動卷軸,1,1,300000
45685,140129,奇安的卷軸,1,1,10000
45685,140130,金侃的卷軸,1,1,10000
45698,40742,古代之箭,30,100,100000
45699,40742,古代之箭,30,100,100000
45700,40742,古代之箭,30,100,100000
45701,40742,古代之箭,30,100,100000
45702,40742,古代之箭,30,100,100000
45703,40742,古代之箭,30,100,100000
45704,40742,古代之箭,30,100,100000
45705,40532,古代法師的鑰匙,1,1,100000
45706,40530,古代王族的鑰匙,1,1,100000
45707,40535,古代騎士的鑰匙,1,1,100000
45708,40531,古代騎士的鑰匙,1,1,100000
45709,40589,文明的鑰匙,1,1,1000000
45713,40044,鑽石,1,1,10000
45713,40045,紅寶石,1,1,10000
45713,40046,藍寶石,1,1,10000
45713,40047,綠寶石,1,1,10000
45713,40048,品質鑽石,1,1,1000
45713,40049,品質紅寶石,1,1,1000
45713,40050,品質藍寶石,1,1,1000
45713,40051,品質綠寶石,1,1,1000
45713,41207,船員遺體,1,1,30000
45714,40044,鑽石,1,1,30000
45714,40045,紅寶石,1,1,30000
45714,40046,藍寶石,1,1,30000
45714,40047,綠寶石,1,1,30000
45714,40048,品質鑽石,1,1,3000
45714,40049,品質紅寶石,1,1,3000
45714,40050,品質藍寶石,1,1,3000
45714,40051,品質綠寶石,1,1,3000
45714,41207,船員遺體,1,1,30000
45715,40046,藍寶石,1,1,10000
45715,40306,伊娃之石,1,1,10000
45715,40308,金幣,50,700,600000
45715,41043,航海日誌第6頁,1,1,10000
45715,41156,叛之鱗,1,1,1000
45715,41207,船員遺體,1,1,30000
45716,40041,人魚之鱗,1,1,10000
45716,40183,魔法書(冰錐),1,1,10000
45716,40184,魔法書(魔力奪取),1,1,10000
45716,40225,魔法書(冰雪颶風),1,1,1000
45716,40306,伊娃之石,1,1,10000
45716,40308,金幣,50,200,600000
45716,41045,航海日誌第8頁,1,1,10000
45716,41207,船員遺體,1,1,30000
45717,40041,人魚之鱗,1,1,10000
45717,40183,魔法書(冰錐),1,1,10000
45717,40184,魔法書(魔力奪取),1,1,10000
45717,40225,魔法書(冰雪颶風),1,1,1000
45717,40306,伊娃之石,1,1,10000
45717,41207,船員遺體,1,1,30000
45718,40017,翡翠藥水,1,1,100000
45718,40046,藍寶石,1,1,10000
45718,40306,伊娃之石,1,1,10000
45718,40308,金幣,60,700,600000
45718,41042,航海日誌第5頁,1,1,10000
45718,41156,叛之鱗,1,1,1000
45718,41207,船員遺體,1,1,30000
45718,49128,記憶水晶(幻想),1,1,3000
45719,40046,藍寶石,1,1,10000
45719,40306,伊娃之石,1,1,10000
45719,40308,金幣,50,1000,400000
45719,41156,叛之鱗,1,1,1000
45719,41207,船員遺體,1,1,30000
45719,49041,鱷魚肉,1,1,0
45720,20411,苦痛項鍊,1,1,1000
45720,40044,鑽石,1,1,10000
45720,40305,帕格里奧之石,1,1,10000
45720,40308,金幣,50,600,600000
45720,41038,航海日誌第1頁,1,1,10000
45720,41039,航海日誌第2頁,1,1,10000
45720,41154,暗之鱗,1,1,1000
45720,41207,船員遺體,1,1,30000
45721,20412,厄運項鍊,1,1,1000
45721,40044,鑽石,1,1,10000
45721,40305,帕格里奧之石,1,1,10000
45721,40308,金幣,50,600,600000
45721,41040,航海日誌第3頁,1,1,10000
45721,41041,航海日誌第4頁,1,1,10000
45721,41154,暗之鱗,1,1,1000
45721,41207,船員遺體,1,1,30000
45723,40306,伊娃之石,1,1,10000
45723,40308,金幣,50,1000,400000
45723,41207,船員遺體,1,1,30000
45723,240074,對盔甲施法的卷軸,1,1,2000
45723,240087,對武器施法的卷軸,1,1,2000
45724,40074,對盔甲施法的卷軸,1,1,10000
45724,40255,精靈水晶(生命的祝福),1,1,1000
45724,40308,金幣,50,200,300000
45724,41045,航海日誌第8頁,1,1,10000
45724,41207,船員遺體,1,1,30000
45724,49040,鯊魚卵,1,1,0
45725,40041,人魚之鱗,1,1,10000
45725,40044,鑽石,1,1,10000
45725,40074,對盔甲施法的卷軸,1,1,10000
45725,40255,精靈水晶(生命的祝福),1,1,1000
45725,40306,伊娃之石,1,1,10000
45725,40308,金幣,50,300,400000
45725,41045,航海日誌第8頁,1,1,10000
45725,41207,船員遺體,1,1,30000
45725,49047,蟹肉,1,1,0
45726,20381,華麗頭飾,1,1,1000
45726,40047,綠寶石,1,1,10000
45726,40306,伊娃之石,1,1,10000
45726,40308,金幣,40,200,400000
45726,41044,航海日誌第7頁,1,1,10000
45726,41155,火之鱗,1,1,1000
45726,41207,船員遺體,1,1,30000
45727,40047,綠寶石,1,1,10000
45727,40253,精靈水晶(水之元氣),1,1,10000
45727,40255,精靈水晶(生命的祝福),1,1,1000
45727,40306,伊娃之石,1,1,10000
45727,40308,金幣,50,300,400000
45727,41044,航海日誌第7頁,1,1,10000
45727,41207,船員遺體,1,1,30000
45728,20381,華麗頭飾,1,1,1000
45728,40047,綠寶石,1,1,10000
45728,40306,伊娃之石,1,1,10000
45728,40308,金幣,50,300,400000
45728,41044,航海日誌第7頁,1,1,10000
45728,41155,火之鱗,1,1,1000
45728,41207,船員遺體,1,1,30000
45728,49266,深海魚肉,1,1,0
45729,20381,華麗頭飾,1,1,1000
45729,40047,綠寶石,1,1,10000
45729,40306,伊娃之石,1,1,10000
45729,40308,金幣,50,300,400000
45729,41155,火之鱗,1,1,1000
45729,41207,船員遺體,1,1,30000
45730,212,海神三叉戟,1,1,1000
45730,40013,自我加速藥水,1,1,30000
45730,40017,翡翠藥水,1,1,100000
45730,40041,人魚之鱗,1,1,10000
45730,40045,紅寶石,1,1,10000
45730,40206,魔法書(返生術),1,1,10000
45730,40306,伊娃之石,1,1,10000
45730,40308,金幣,50,300,400000
45730,40524,黑色血痕,1,1,10000
45730,41047,航海日誌第10頁,1,1,10000
45730,41156,叛之鱗,1,1,1000
45730,41207,船員遺體,1,1,30000
45731,40045,紅寶石,1,1,30000
45731,40206,魔法書(返生術),1,1,30000
45731,40306,伊娃之石,1,1,30000
45731,40308,金幣,50,300,400000
45731,40524,黑色血痕,1,1,30000
45731,41156,叛之鱗,1,1,3000
45731,41207,船員遺體,1,1,30000
45731,100212,海神三叉戟,1,1,3000
45732,40007,烏木魔杖,1,1,3000
45732,40304,馬普勒之石,1,1,10000
45732,40306,伊娃之石,1,1,10000
45732,40308,金幣,50,300,400000
45732,41046,航海日誌第9頁,1,1,10000
45732,41207,船員遺體,1,1,30000
45732,49045,伊萊克頓肉,1,1,0
45733,40074,對盔甲施法的卷軸,1,1,10000
45733,40087,對武器施法的卷軸,1,1,10000
45733,40183,魔法書(冰錐),1,1,10000
45733,40185,魔法書(黑闇之影),1,1,10000
45733,40192,魔法書(弱化術),1,1,10000
45733,40306,伊娃之石,1,1,10000
45733,40308,金幣,50,300,400000
45733,41046,航海日誌第9頁,1,1,10000
45733,41207,船員遺體,1,1,30000
45734,20207,深水長靴,1,1,1000
45734,20381,華麗頭飾,1,1,10000
45734,40050,品質藍寶石,1,1,30000
45734,40308,金幣,5000,300000,900000
45734,41157,恨之鱗,1,1,10000
45734,41207,船員遺體,1,1,30000
45734,140074,對盔甲施法的卷軸,1,1,10000
45734,140087,對武器施法的卷軸,1,1,10000
45735,212,海神三叉戟,1,1,10000
45735,20381,華麗頭飾,1,1,10000
45735,40013,自我加速藥水,1,1,30000
45735,40017,翡翠藥水,1,1,100000
45735,40041,人魚之鱗,1,1,30000
45735,40052,高品質鑽石,1,1,10000
45735,40053,高品質紅寶石,1,1,10000
45735,40253,精靈水晶(水之元氣),1,1,10000
45735,40306,伊娃之石,1,1,30000
45735,40308,金幣,15000,35000,900000
45735,40524,黑色血痕,1,1,10000
45735,41152,精靈水晶(污濁之水),1,1,10000
45735,41157,恨之鱗,1,1,10000
45735,41207,船員遺體,1,1,30000
45735,49128,記憶水晶(幻想),1,1,7000
45735,240074,對盔甲施法的卷軸,1,1,10000
45735,240087,對武器施法的卷軸,1,1,10000
45737,40308,金幣,4,6,300000
45738,143,戰斧,1,1,5000
45738,145,狂戰士斧,1,1,2500
45738,148,巨斧,1,1,2500
45738,20115,藤甲,1,1,25000
45738,40074,對盔甲施法的卷軸,1,1,5000
45738,40087,對武器施法的卷軸,1,1,2500
45738,40170,魔法書(燃燒的火球),1,1,5000
45738,40172,魔法書(壞物術),1,1,5000
45738,40191,魔法書(烈炎術),1,1,5000
45738,40271,黑暗精靈水晶(燃燒鬥志),1,1,5000
45738,40305,帕格里奧之石,1,1,10000
45738,40308,金幣,46,359,1000000
45738,40555,密室鑰匙,1,1,100000
45738,140100,瞬間移動卷軸,1,1,75000
45739,40396,地龍鱗,1,1,100
45739,40718,血石碎片,1,1,10000
45739,40978,土之守護者的尾巴,1,1,1000
45739,40982,土之守護者的皮,1,1,1000
45739,40986,守護者之牙,1,1,1000
45740,40395,水龍鱗,1,1,100
45740,40718,血石碎片,1,1,10000
45740,40979,水之守護者的尾巴,1,1,1000
45740,40983,水之守護者的皮,1,1,1000
45740,40986,守護者之牙,1,1,1000
45741,40393,火龍鱗,1,1,100
45741,40718,血石碎片,1,1,10000
45741,40980,火之守護者的尾巴,1,1,1000
45741,40984,火之守護者的皮,1,1,1000
45741,40986,守護者之牙,1,1,1000
45742,40394,風龍鱗,1,1,100
45742,40718,血石碎片,1,1,10000
45742,40981,風之守護者的尾巴,1,1,1000
45742,40985,風之守護者的皮,1,1,1000
45742,40986,守護者之牙,1,1,1000
45743,40443,黑色米索莉,1,1,10000
45743,40444,黑色米索莉原石,1,1,10000
45743,40524,黑色血痕,1,1,30000
45743,40718,血石碎片,1,1,10000
45743,40913,土之印記,1,1,50000
45743,40976,沙,1,1,1000
45743,40977,染血的沙,1,1,1000
45743,240074,對盔甲施法的卷軸,1,1,2000
45743,240087,對武器施法的卷軸,1,1,2000
45744,40443,黑色米索莉,1,1,10000
45744,40444,黑色米索莉原石,1,1,10000
45744,40524,黑色血痕,1,1,30000
45744,40718,血石碎片,1,1,10000
45744,40914,水之印記,1,1,50000
45744,49111,龍騎士書板(覺醒：法利昂),1,1,10000
45744,240074,對盔甲施法的卷軸,1,1,2000
45744,240087,對武器施法的卷軸,1,1,2000
45745,40443,黑色米索莉,1,1,10000
45745,40444,黑色米索莉原石,1,1,10000
45745,40524,黑色血痕,1,1,30000
45745,40718,血石碎片,1,1,10000
45745,40914,水之印記,1,1,50000
45745,40974,狄高的血,1,1,1000
45745,40975,狄高的鰭,1,1,1000
45745,49111,龍騎士書板(覺醒：法利昂),1,1,10000
45745,240074,對盔甲施法的卷軸,1,1,2000
45745,240087,對武器施法的卷軸,1,1,2000
45746,40443,黑色米索莉,1,1,10000
45746,40444,黑色米索莉原石,1,1,10000
45746,40524,黑色血痕,1,1,30000
45746,40718,血石碎片,1,1,10000
45746,40915,火之印記,1,1,50000
45746,49110,龍騎士書板(衝擊之膚),1,1,1000
45746,240074,對盔甲施法的卷軸,1,1,2000
45746,240087,對武器施法的卷軸,1,1,2000
45747,40443,黑色米索莉,1,1,10000
45747,40444,黑色米索莉原石,1,1,10000
45747,40524,黑色血痕,1,1,30000
45747,40718,血石碎片,1,1,10000
45747,40915,火之印記,1,1,50000
45747,40970,安加斯的尾巴,1,1,1000
45747,40971,安加斯之牙,1,1,1000
45747,49110,龍騎士書板(衝擊之膚),1,1,1000
45747,240074,對盔甲施法的卷軸,1,1,2000
45747,240087,對武器施法的卷軸,1,1,2000
45749,40443,黑色米索莉,1,1,10000
45749,40444,黑色米索莉原石,1,1,10000
45749,40524,黑色血痕,1,1,30000
45749,40718,血石碎片,1,1,10000
45749,40916,風之印記,1,1,50000
45749,240074,對盔甲施法的卷軸,1,1,2000
45749,240087,對武器施法的卷軸,1,1,2000
45751,40443,黑色米索莉,1,1,10000
45751,40444,黑色米索莉原石,1,1,10000
45751,40524,黑色血痕,1,1,30000
45751,40718,血石碎片,1,1,10000
45751,40916,風之印記,1,1,50000
45751,40972,巴薩斯的氣息,1,1,1000
45751,40973,巴薩斯的翅膀,1,1,1000
45751,240074,對盔甲施法的卷軸,1,1,2000
45751,240087,對武器施法的卷軸,1,1,2000
45753,40443,黑色米索莉,1,5,300000
45753,40444,黑色米索莉原石,1,10,300000
45753,40524,黑色血痕,1,15,300000
45753,40718,血石碎片,5,60,900000
45753,40990,炎魔的翅膀,1,2,100000
45753,40991,炎魔雙手劍,1,1,1000
45753,40992,炎魔的頭,1,1,10000
45753,40993,炎魔的角,1,1,70000
45753,40994,炎魔之肉,1,1,70000
45753,40995,炎魔之指,1,2,100000
45753,40996,炎魔的心臟,1,1,10000
45753,40997,炎魔之牙,1,2,100000
45753,40998,炎魔之肺,1,1,70000
45753,41148,技術書(反擊屏障),1,1,5000
45754,40029,象牙塔治癒藥水,1,1,650000
45754,40056,肉,1,1,200000
45754,40060,胡蘿蔔,1,1,300000
45754,40061,檸檬,1,1,300000
45754,40062,香蕉,1,1,300000
45754,40082,指定傳送卷軸(歌唱之島),1,1,420000
45754,40308,金幣,5,10,500000
45755,40029,象牙塔治癒藥水,1,1,400000
45755,40308,金幣,5,10,300000
45756,40029,象牙塔治癒藥水,1,1,600000
45756,40308,金幣,4,8,550000
45756,41223,武器的碎片,1,1,300000
45757,40017,翡翠藥水,1,1,300000
45757,40029,象牙塔治癒藥水,1,2,400000
45757,40082,指定傳送卷軸(歌唱之島),1,1,300000
45757,40308,金幣,6,16,500000
45758,40029,象牙塔治癒藥水,1,1,400000
45758,40056,肉,1,1,300000
45758,40095,象牙塔傳送回家的卷軸,1,1,300000
45758,40098,象牙塔鑑定卷軸,1,1,300000
45758,40308,金幣,8,12,300000
45758,40744,銀箭,10,30,300000
45758,41224,徽章,1,1,200000
45759,40001,燈,1,1,3000
45759,40029,象牙塔治癒藥水,1,2,400000
45759,40056,肉,1,1,300000
45759,40095,象牙塔傳送回家的卷軸,1,1,300000
45759,40308,金幣,8,24,300000
45759,41224,徽章,1,1,200000
45760,40029,象牙塔治癒藥水,1,1,400000
45760,40057,漂浮之眼肉,1,1,300000
45761,26,小侏儒短劍,1,1,1500
45761,40029,象牙塔治癒藥水,1,2,400000
45761,40056,肉,1,1,300000
45761,40095,象牙塔傳送回家的卷軸,1,1,300000
45761,40098,象牙塔鑑定卷軸,1,1,300000
45761,40308,金幣,6,17,300000
45761,41215,[jp]知の証,1,1,200000
45762,40029,象牙塔治癒藥水,1,1,400000
45762,40056,肉,1,1,300000
45762,40095,象牙塔傳送回家的卷軸,1,1,300000
45762,40308,金幣,4,8,300000
45763,31,長劍,1,1,5000
45763,20147,銀釘皮甲,1,1,5000
45763,40029,象牙塔治癒藥水,1,3,400000
45763,40056,肉,1,1,300000
45763,40095,象牙塔傳送回家的卷軸,1,1,300000
45763,40098,象牙塔鑑定卷軸,1,1,300000
45763,40173,魔法書(吸血鬼之吻),1,1,30000
45763,40308,金幣,8,24,700000
45763,220122,鱗甲,1,1,1000
45763,220125,鏈甲,1,1,1000
45763,220147,銀釘皮甲,1,1,1000
45764,27,彎刀,1,1,300
45764,40013,自我加速藥水,1,1,50000
45764,40018,強化 綠色藥水,1,1,30000
45764,40029,象牙塔治癒藥水,1,3,400000
45764,40095,象牙塔傳送回家的卷軸,1,1,300000
45764,40098,象牙塔鑑定卷軸,1,1,300000
45764,40308,金幣,12,34,700000
45764,40407,骨頭碎片,1,1,10000
45764,41229,[jp]骷髏頭,1,1,300000
45764,200027,彎刀,1,1,2000
45765,172,弓,1,1,3000
45765,40013,自我加速藥水,1,1,30000
45765,40018,強化 綠色藥水,1,1,30000
45765,40029,象牙塔治癒藥水,1,3,400000
45765,40095,象牙塔傳送回家的卷軸,1,1,300000
45765,40098,象牙塔鑑定卷軸,1,1,300000
45765,40308,金幣,14,30,700000
45765,40407,骨頭碎片,1,1,10000
45765,41236,[jp]スケルトンアーチャーの骨,1,1,300000
45766,96,矛,1,1,3000
45766,40013,自我加速藥水,1,1,30000
45766,40018,強化 綠色藥水,1,1,30000
45766,40029,象牙塔治癒藥水,1,2,400000
45766,40095,象牙塔傳送回家的卷軸,1,1,300000
45766,40098,象牙塔鑑定卷軸,1,1,300000
45766,40308,金幣,15,35,700000
45766,40407,骨頭碎片,1,1,10000
45766,41237,[jp]スケルトンパイクの骨,1,1,300000
45767,40002,燈籠,1,1,1000
45767,40029,象牙塔治癒藥水,1,2,400000
45767,40044,鑽石,1,1,50000
45767,40045,紅寶石,1,1,50000
45767,40046,藍寶石,1,1,50000
45767,40047,綠寶石,1,1,50000
45767,40056,肉,1,1,300000
45767,40095,象牙塔傳送回家的卷軸,1,1,200000
45767,40098,象牙塔鑑定卷軸,1,1,200000
45767,40307,沙哈之石,1,1,50000
45767,40308,金幣,4,16,300000
45767,40496,粗糙的米索莉塊,1,1,200000
45767,41216,[jp]力の証,1,1,200000
45768,40007,烏木魔杖,1,1,3000
45768,40653,紅鑰匙,1,1,1000000
45769,40613,黑鑰匙,1,1,1000000
45769,220147,銀釘皮甲,1,1,3000
45770,128,橡木魔法杖,1,1,5000
45770,129,美基魔法杖,1,1,1000
45770,131,力量魔法杖,1,1,1000
45770,41084,幻覺之粉,1,1,100000
45771,40514,精靈之淚,1,1,100000
45771,41070,污濁的精靈羽翼,1,1,100000
45772,40013,自我加速藥水,1,1,300000
45772,40074,對盔甲施法的卷軸,1,1,150000
45772,40087,對武器施法的卷軸,1,1,150000
45772,40305,帕格里奧之石,1,1,300000
45772,41081,妖魔尖牙,1,1,300000
45772,41082,妖魔尖牙項練,1,1,300000
45772,41084,幻覺之粉,1,1,300000
45772,41085,預言家珍珠,1,1,300000
45772,41242,妖魔寶物袋,1,1,300000
45772,49116,龍騎士書板(覺醒：巴拉卡斯),1,1,5000
45772,140074,對盔甲施法的卷軸,1,1,50000
45772,140087,對武器施法的卷軸,1,1,50000
45773,20281,變形控制戒指,1,1,3000
45773,40013,自我加速藥水,1,1,100000
45773,41070,污濁的精靈羽翼,1,1,100000
45774,40013,自我加速藥水,1,1,100000
45774,40017,翡翠藥水,1,1,300000
45774,41067,污濁的樹枝,1,1,100000
45775,40013,自我加速藥水,1,1,100000
45775,41066,污濁的根,1,1,100000
45776,40013,自我加速藥水,1,1,100000
45776,41069,污濁的鬃毛,1,1,100000
45777,40013,自我加速藥水,1,1,100000
45777,41068,污濁的皮,1,1,100000
45778,40013,自我加速藥水,1,1,100000
45778,41073,強盜鑰匙,1,1,100000
45778,41074,強盜的袋子,1,1,100000
45778,41075,污濁的頭髮,1,1,100000
45779,40013,自我加速藥水,1,1,100000
45779,41074,強盜的袋子,1,1,100000
45779,41075,污濁的頭髮,1,1,100000
45780,40013,自我加速藥水,1,1,100000
45780,41071,銀盤,1,1,100000
45780,41074,強盜的袋子,1,1,100000
45780,41075,污濁的頭髮,1,1,100000
45781,40013,自我加速藥水,1,1,100000
45781,41072,銀燭台,1,1,100000
45781,41074,強盜的袋子,1,1,100000
45781,41075,污濁的頭髮,1,1,100000
45782,41080,精靈核晶,1,1,100000
45783,41080,精靈核晶,1,1,100000
45784,40013,自我加速藥水,1,1,100000
45784,41080,精靈核晶,1,1,100000
45785,20300,地靈戒指,1,1,1000
45785,40013,自我加速藥水,1,1,100000
45785,41076,土核晶,1,1,100000
45786,20304,火靈戒指,1,1,1000
45786,40013,自我加速藥水,1,1,100000
45786,41078,火核晶,1,1,100000
45786,49105,龍騎士書板(岩漿噴吐),1,1,10000
45787,20302,風靈戒指,1,1,1000
45787,40013,自我加速藥水,1,1,100000
45787,41079,風核晶,1,1,100000
45788,20285,水靈戒指,1,1,1000
45788,40013,自我加速藥水,1,1,100000
45788,41077,水核晶,1,1,100000
45789,40013,自我加速藥水,1,1,100000
45789,41081,妖魔尖牙,1,1,100000
45789,41242,妖魔寶物袋,1,1,100000
45790,40013,自我加速藥水,1,1,100000
45790,41084,幻覺之粉,1,1,100000
45790,41242,妖魔寶物袋,1,1,100000
45791,40013,自我加速藥水,1,1,100000
45791,41083,咒術粉,1,1,100000
45791,41242,妖魔寶物袋,1,1,100000
45792,40013,自我加速藥水,1,1,100000
45792,41082,妖魔尖牙項練,1,1,100000
45792,41242,妖魔寶物袋,1,1,100000
45793,40013,自我加速藥水,1,1,100000
45793,41085,預言家珍珠,1,1,100000
45793,41242,妖魔寶物袋,1,1,100000
45794,40017,翡翠藥水,1,1,300000
45794,41086,樹精的根,1,1,50000
45794,41087,樹精的樹皮,1,1,50000
45794,41088,樹精的葉子,1,1,50000
45794,41089,樹精的樹枝,1,1,50000
45795,40013,自我加速藥水,1,1,100000
45795,40017,翡翠藥水,1,1,300000
45795,40074,對盔甲施法的卷軸,1,1,150000
45795,40087,對武器施法的卷軸,1,1,150000
45795,40202,魔法書(全部治癒術),1,1,50000
45795,40205,魔法書(隱身術),1,1,1000
45795,40242,精靈水晶(魔法消除),1,1,10000
45795,40248,精靈水晶(地面障礙),1,1,10000
45795,40250,精靈水晶(大地的祝福),1,1,50000
45795,40251,精靈水晶(鋼鐵防護),1,1,10000
45795,40252,精靈水晶(體能激發),1,1,10000
45795,41086,樹精的根,1,1,50000
45795,41087,樹精的樹皮,1,1,50000
45795,41088,樹精的葉子,1,1,50000
45795,41089,樹精的樹枝,1,1,50000
45795,140074,對盔甲施法的卷軸,1,1,50000
45795,140087,對武器施法的卷軸,1,1,50000
45795,140089,復活卷軸,1,1,100000
45796,41103,石頭塊,1,1,100000
45796,49130,記憶水晶(幻覺：鑽石高崙),1,1,900
45797,149,牛人斧頭,1,1,5000
45797,40013,自我加速藥水,1,1,100000
45797,40074,對盔甲施法的卷軸,1,1,10000
45797,41106,瑪依奴的尾巴毛,1,1,100000
45798,41104,鐵礦石,1,1,100000
45799,41105,火山岩,1,1,100000
45800,41107,窺甲片,1,1,100000
45801,40013,自我加速藥水,1,1,300000
45801,40074,對盔甲施法的卷軸,1,1,150000
45801,40087,對武器施法的卷軸,1,1,150000
45801,40222,魔法書(究極光裂術),1,1,1000
45801,41108,鑽石原石,1,1,300000
45801,49130,記憶水晶(幻覺：鑽石高崙),1,1,50000
45802,148,巨斧,1,1,5000
45802,149,牛人斧頭,1,1,10000
45802,40013,自我加速藥水,1,1,300000
45802,40074,對盔甲施法的卷軸,1,1,150000
45802,40087,對武器施法的卷軸,1,1,150000
45802,40179,魔法書(極道落雷),1,1,50000
45802,40210,魔法書(雷霆風暴),1,1,10000
45802,41109,瑪依奴夏門的尾巴毛,1,1,300000
45804,140088,變形卷軸,1,1,30000
45806,40074,對盔甲施法的卷軸,1,1,5000
45806,40187,魔法書(體魄強健術),1,1,2500
45806,140100,瞬間移動卷軸,1,1,100000
45811,40074,對盔甲施法的卷軸,1,1,5000
45811,40172,魔法書(壞物術),1,1,2500
45811,40255,精靈水晶(生命的祝福),1,1,100
45811,140100,瞬間移動卷軸,1,1,100000
45812,40015,藍色藥水,1,1,100000
45812,40047,綠寶石,1,1,10000
45812,40183,魔法書(冰錐),1,1,10000
45812,40202,魔法書(全部治癒術),1,1,10000
45812,40253,精靈水晶(水之元氣),1,1,10000
45812,40255,精靈水晶(生命的祝福),1,1,1000
45813,40015,藍色藥水,1,1,100000
45814,20207,深水長靴,1,1,1000
45814,40017,翡翠藥水,1,1,100000
45814,40119,解除咀咒的卷軸,1,1,100000
45814,49232,初級秘籍書,1,1,25000
45815,40016,慎重藥水,1,1,50000
45815,40017,翡翠藥水,1,1,100000
45815,40306,伊娃之石,1,1,10000
45816,40008,楓木魔杖,1,1,1000
45816,40013,自我加速藥水,1,1,100000
45816,40018,強化 綠色藥水,1,1,10000
45818,40007,烏木魔杖,1,1,5000
45818,40013,自我加速藥水,1,1,100000
45818,40014,勇敢藥水,1,1,50000
45818,40018,強化 綠色藥水,1,1,10000
45818,40202,魔法書(全部治癒術),1,1,10000
45818,140100,瞬間移動卷軸,1,1,50000
45819,40007,烏木魔杖,1,1,5000
45819,40013,自我加速藥水,1,1,100000
45819,40014,勇敢藥水,1,1,50000
45819,40074,對盔甲施法的卷軸,1,1,10000
45819,40179,魔法書(極道落雷),1,1,10000
45819,40196,魔法書(召喚術),1,1,5000
45819,40210,魔法書(雷霆風暴),1,1,1000
45819,40225,魔法書(冰雪颶風),1,1,1000
45819,140100,瞬間移動卷軸,1,1,50000
45821,40016,慎重藥水,1,1,50000
45821,40017,翡翠藥水,1,1,100000
45822,40014,勇敢藥水,1,1,50000
45822,40183,魔法書(冰錐),1,1,10000
45822,40189,魔法書(魔法相消術),1,1,10000
45822,140100,瞬間移動卷軸,1,1,50000
45823,40014,勇敢藥水,1,1,50000
45823,40074,對盔甲施法的卷軸,1,1,10000
45823,40087,對武器施法的卷軸,1,1,10000
45823,40183,魔法書(冰錐),1,1,10000
45823,40185,魔法書(黑闇之影),1,1,10000
45823,49260,奎斯坦修的螯,1,1,0
45824,40006,松木魔杖,1,1,300
45824,40018,強化 綠色藥水,1,1,10000
45824,40053,高品質紅寶石,1,1,5000
45824,40089,復活卷軸,1,1,50000
45824,40126,鑑定卷軸,1,1,50000
45826,40088,變形卷軸,1,1,10000
45826,40126,鑑定卷軸,1,1,50000
45827,20060,藍海賊斗篷,1,1,5000
45827,20306,小型身體腰帶,1,1,1000
45827,40044,鑽石,1,1,10000
45827,40079,傳送回家的卷軸,1,1,100000
45828,129,美基魔法杖,1,1,1000
45828,40015,藍色藥水,1,1,100000
45828,40079,傳送回家的卷軸,1,1,50000
45828,40089,復活卷軸,1,1,50000
45828,40126,鑑定卷軸,1,1,50000
45828,40181,魔法書(迷魅術),1,1,10000
45829,9,奧里哈魯根短劍,1,1,30000
45829,41,武士刀,1,1,3000
45829,52,雙手劍,1,1,3000
45829,57,瑟魯基之劍,1,1,5000
45829,64,巨劍,1,1,3000
45829,129,美基魔法杖,1,1,3000
45829,131,力量魔法杖,1,1,5000
45829,20006,騎士面甲,1,1,30000
45829,20056,抗魔法斗篷,1,1,10000
45829,20154,金屬盔甲,1,1,10000
45829,20187,力量手套,1,1,5000
45829,20284,召喚控制戒指,1,1,5000
45829,20288,傳送控制戒指,1,1,7000
45829,40006,松木魔杖,1,1,300
45829,40008,楓木魔杖,1,1,3000
45829,40014,勇敢藥水,1,1,100000
45829,40015,藍色藥水,1,1,100000
45829,40018,強化 綠色藥水,1,1,300000
45829,40048,品質鑽石,1,1,10000
45829,40052,高品質鑽石,1,1,10000
45829,40074,對盔甲施法的卷軸,1,1,150000
45829,40087,對武器施法的卷軸,1,1,150000
45829,40089,復活卷軸,1,1,50000
45829,40093,空的魔法卷軸(等級4),1,1,100000
45829,40094,空的魔法卷軸(等級5),1,1,100000
45829,40164,技術書(衝擊之暈),1,1,10000
45829,40166,技術書(尖刺盔甲),1,1,5000
45829,40180,魔法書(高級治癒術),1,1,10000
45829,40182,魔法書(聖潔之光),1,1,10000
45829,40184,魔法書(魔力奪取),1,1,10000
45829,40187,魔法書(體魄強健術),1,1,10000
45829,40189,魔法書(魔法相消術),1,1,10000
45829,40191,魔法書(烈炎術),1,1,10000
45829,40197,魔法書(神聖疾走),1,1,5000
45829,40210,魔法書(雷霆風暴),1,1,5000
45829,40213,魔法書(聖結界),1,1,5000
45829,40224,魔法書(靈魂昇華),1,1,1000
45829,40246,精靈水晶(鏡反射),1,1,10000
45829,40253,精靈水晶(水之元氣),1,1,10000
45829,40254,精靈水晶(生命之泉),1,1,10000
45829,40255,精靈水晶(生命的祝福),1,1,1000
45829,40267,黑暗精靈水晶(影之防護),1,1,10000
45829,40277,黑暗精靈水晶(暗影之牙),1,1,10000
45829,40524,黑色血痕,1,1,30000
45829,140087,對武器施法的卷軸,1,1,10000
45831,40969,黑暗妖精的靈魂水晶,1,1,5000
45831,40987,受詛咒的黑色耳環,1,1,1000
45831,41243,拉斯塔巴德補給袋,1,1,10000
45831,41244,拉斯塔巴德補給箱,1,1,10000
45832,40969,黑暗妖精的靈魂水晶,1,1,5000
45832,40987,受詛咒的黑色耳環,1,1,1000
45832,41243,拉斯塔巴德補給袋,1,1,10000
45832,41244,拉斯塔巴德補給箱,1,1,10000
45833,40969,黑暗妖精的靈魂水晶,1,1,5000
45833,40987,受詛咒的黑色耳環,1,1,1000
45833,41243,拉斯塔巴德補給袋,1,1,10000
45833,41244,拉斯塔巴德補給箱,1,1,10000
45834,40969,黑暗妖精的靈魂水晶,1,1,5000
45834,40987,受詛咒的黑色耳環,1,1,1000
45834,41243,拉斯塔巴德補給袋,1,1,10000
45834,41244,拉斯塔巴德補給箱,1,1,10000
45835,40969,黑暗妖精的靈魂水晶,1,1,5000
45835,40988,受詛咒的黑色耳環,1,1,1000
45835,41243,拉斯塔巴德補給袋,1,1,10000
45835,41244,拉斯塔巴德補給箱,1,1,10000
45836,40013,自我加速藥水,1,1,1000000
45836,40454,馴獸師戒指,1,1,10000
45836,40638,魔獸軍團印記,1,1,10000
45836,40639,魔獸軍王印記盒,1,1,10000
45836,40652,燃燒的皮,1,1,10000
45836,40655,水晶之牙,1,1,10000
45836,40675,黑暗礦石,1,1,10000
45839,40969,黑暗妖精的靈魂水晶,1,1,5000
45839,40987,受詛咒的黑色耳環,1,1,1000
45839,41244,拉斯塔巴德補給箱,1,1,10000
45840,40969,黑暗妖精的靈魂水晶,1,1,5000
45840,40988,受詛咒的黑色耳環,1,1,1000
45840,41243,拉斯塔巴德補給袋,1,1,10000
45840,41244,拉斯塔巴德補給箱,1,1,10000
45841,62,武官雙手劍,1,1,1000
45841,20168,武官手套,1,1,1000
45841,20201,武官長靴,1,1,1000
45841,40013,自我加速藥水,1,1,1000000
45841,40454,馴獸師戒指,1,1,10000
45841,40638,魔獸軍團印記,1,1,10000
45841,40639,魔獸軍王印記盒,1,1,10000
45841,40652,燃燒的皮,1,1,10000
45841,40655,水晶之牙,1,1,10000
45841,40675,黑暗礦石,1,1,10000
45842,40969,黑暗妖精的靈魂水晶,1,1,5000
45842,40987,受詛咒的黑色耳環,1,1,1000
45842,41244,拉斯塔巴德補給箱,1,1,10000
45843,40969,黑暗妖精的靈魂水晶,1,1,5000
45843,40988,受詛咒的黑色耳環,1,1,1000
45843,41243,拉斯塔巴德補給袋,1,1,10000
45843,41244,拉斯塔巴德補給箱,1,1,10000
45844,155,魔獸軍王之爪,1,1,10000
45844,163,巴蘭卡鋼爪,1,1,500
45844,20020,武官頭盔,1,1,10000
45844,20022,巴蘭卡頭盔,1,1,300
45844,20113,武官護鎧,1,1,10000
45844,20116,巴蘭卡盔甲,1,1,300
45844,20168,武官手套,1,1,10000
45844,20169,巴蘭卡手套,1,1,100
45844,20200,魔獸軍王長靴,1,1,100
45844,20201,武官長靴,1,1,10000
45844,20202,巴蘭卡長靴,1,1,300
45844,20313,黑暗腰帶,1,1,50000
45844,40013,自我加速藥水,1,1,300000
45844,40429,大洞穴卷軸碎片,1,1,300000
45844,40638,魔獸軍團印記,1,1,10000
45844,40639,魔獸軍王印記盒,1,1,10000
45844,40675,黑暗礦石,1,1,10000
45844,40961,魔獸軍王徽印,1,1,300000
45844,49112,龍騎士書板(致命身軀),1,1,5000
45847,40490,黑暗元素石,1,1,50000
45847,40969,黑暗妖精的靈魂水晶,1,1,5000
45847,40989,受詛咒的黑色耳環,1,1,1000
45847,41243,拉斯塔巴德補給袋,1,1,10000
45849,40969,黑暗妖精的靈魂水晶,1,1,5000
45849,40988,受詛咒的黑色耳環,1,1,1000
45849,41243,拉斯塔巴德補給袋,1,1,10000
45849,41244,拉斯塔巴德補給箱,1,1,10000
45853,40490,黑暗元素石,1,1,50000
45853,40969,黑暗妖精的靈魂水晶,1,1,5000
45853,40989,受詛咒的黑色耳環,1,1,1000
45853,41243,拉斯塔巴德補給袋,1,1,10000
45854,40013,自我加速藥水,1,1,100000
45854,40238,精靈水晶(魂體轉換),1,1,1000
45854,40618,土之氣息,1,1,10000
45854,40635,法令軍團印記,1,1,10000
45854,40636,法令軍王印記盒,1,1,10000
45854,40675,黑暗礦石,1,1,10000
45855,40013,自我加速藥水,1,1,100000
45855,40238,精靈水晶(魂體轉換),1,1,1000
45855,40635,法令軍團印記,1,1,10000
45855,40636,法令軍王印記盒,1,1,10000
45855,40643,水之氣息,1,1,10000
45855,40675,黑暗礦石,1,1,10000
45855,49111,龍騎士書板(覺醒：法利昂),1,1,10000
45856,40013,自我加速藥水,1,1,100000
45856,40238,精靈水晶(魂體轉換),1,1,1000
45856,40635,法令軍團印記,1,1,10000
45856,40636,法令軍王印記盒,1,1,10000
45856,40645,風之氣息,1,1,10000
45856,40675,黑暗礦石,1,1,10000
45857,40013,自我加速藥水,1,1,100000
45857,40238,精靈水晶(魂體轉換),1,1,1000
45857,40635,法令軍團印記,1,1,10000
45857,40636,法令軍王印記盒,1,1,10000
45857,40651,火之氣息,1,1,10000
45857,40675,黑暗礦石,1,1,10000
45858,40013,自我加速藥水,1,1,100000
45858,40238,精靈水晶(魂體轉換),1,1,1000
45858,40635,法令軍團印記,1,1,10000
45858,40636,法令軍王印記盒,1,1,10000
45858,40675,黑暗礦石,1,1,10000
45858,40676,闇之氣息,1,1,10000
45859,40490,黑暗元素石,1,1,50000
45859,40969,黑暗妖精的靈魂水晶,1,1,5000
45859,40989,受詛咒的黑色耳環,1,1,1000
45859,41243,拉斯塔巴德補給袋,1,1,10000
45860,40490,黑暗元素石,1,1,50000
45860,40969,黑暗妖精的靈魂水晶,1,1,5000
45860,40989,受詛咒的黑色耳環,1,1,1000
45860,41243,拉斯塔巴德補給袋,1,1,10000
45861,40969,黑暗妖精的靈魂水晶,1,1,5000
45861,40988,受詛咒的黑色耳環,1,1,1000
45861,41243,拉斯塔巴德補給袋,1,1,10000
45861,41244,拉斯塔巴德補給箱,1,1,10000
45862,40969,黑暗妖精的靈魂水晶,1,1,5000
45862,40988,受詛咒的黑色耳環,1,1,1000
45862,41243,拉斯塔巴德補給袋,1,1,10000
45862,41244,拉斯塔巴德補給箱,1,1,10000
45863,117,蕾雅魔杖,1,1,100
45863,132,神官魔杖,1,1,10000
45863,20030,神官頭飾,1,1,10000
45863,20106,蕾雅長袍,1,1,10000
45863,20109,法令軍王長袍,1,1,1000
45863,20129,神官法袍,1,1,10000
45863,20176,神官手套,1,1,10000
45863,20208,神官長靴,1,1,5000
45863,20252,蕾雅項鍊,1,1,1000
45863,20253,法令軍王之鍊,1,1,500
45863,20279,蕾雅戒指,1,1,500
45863,20313,黑暗腰帶,1,1,10000
45863,40013,自我加速藥水,1,1,300000
45863,40429,大洞穴卷軸碎片,1,1,300000
45863,40635,法令軍團印記,1,1,10000
45863,40636,法令軍王印記盒,1,1,10000
45863,40675,黑暗礦石,1,1,10000
45863,40960,法令軍王徽印,1,1,300000
45863,49115,龍騎士書板(寒冰噴吐),1,1,5000
45864,40969,黑暗妖精的靈魂水晶,1,1,5000
45864,40989,受詛咒的黑色耳環,1,1,1000
45864,41243,拉斯塔巴德補給袋,1,1,10000
45864,41244,拉斯塔巴德補給箱,1,1,5000
45865,40969,黑暗妖精的靈魂水晶,1,1,5000
45865,40987,受詛咒的黑色耳環,1,1,1000
45865,41243,拉斯塔巴德補給袋,1,1,10000
45865,41244,拉斯塔巴德補給箱,1,1,5000
45866,40969,黑暗妖精的靈魂水晶,1,1,5000
45866,40987,受詛咒的黑色耳環,1,1,1000
45866,41243,拉斯塔巴德補給袋,1,1,10000
45866,41244,拉斯塔巴德補給箱,1,1,5000
45867,40969,黑暗妖精的靈魂水晶,1,1,5000
45867,40988,受詛咒的黑色耳環,1,1,1000
45867,41243,拉斯塔巴德補給袋,1,1,10000
45867,41244,拉斯塔巴德補給箱,1,1,10000
45868,55,黑暗之劍,1,1,500
45868,40013,自我加速藥水,1,1,100000
45868,40429,大洞穴卷軸碎片,1,1,50000
45868,40640,冥法軍王印記盒,1,1,10000
45868,40642,冥法軍團印記,1,1,10000
45868,40667,暗殺軍團印記,1,1,10000
45868,40668,暗殺軍王印記盒,1,1,10000
45868,40675,黑暗礦石,1,1,10000
45868,40703,心靈支配石,1,1,10000
45869,40969,黑暗妖精的靈魂水晶,1,1,5000
45869,40989,受詛咒的黑色耳環,1,1,1000
45869,41243,拉斯塔巴德補給袋,1,1,10000
45869,41244,拉斯塔巴德補給箱,1,1,5000
45870,40969,黑暗妖精的靈魂水晶,1,1,5000
45870,40987,受詛咒的黑色耳環,1,1,1000
45870,41243,拉斯塔巴德補給袋,1,1,10000
45870,41244,拉斯塔巴德補給箱,1,1,5000
45871,40969,黑暗妖精的靈魂水晶,1,1,5000
45871,40987,受詛咒的黑色耳環,1,1,1000
45871,41243,拉斯塔巴德補給袋,1,1,10000
45871,41244,拉斯塔巴德補給箱,1,1,5000
45872,20030,神官頭飾,1,1,700
45872,20067,神官斗篷,1,1,700
45872,20208,神官長靴,1,1,500
45872,20313,黑暗腰帶,1,1,500
45872,40429,大洞穴卷軸碎片,1,1,50000
45872,40667,暗殺軍團印記,1,1,10000
45872,40668,暗殺軍王印記盒,1,1,10000
45872,40675,黑暗礦石,1,1,10000
45873,40308,金幣,3,5,200000
45873,41214,[jp]運の証,1,1,1000000
45874,20423,詛咒的紅色耳環,1,1,5000
45875,40710,朋友的袋子,1,1,1000000
45876,40308,金幣,10,20,1000000
45877,20155,藍海賊皮盔甲,1,1,10000
45877,40010,治癒藥水,4,4,500000
45877,40100,瞬間移動卷軸,4,4,500000
45877,40126,鑑定卷軸,4,4,500000
45878,40620,第二迷宮鑰匙,1,1,1000000
45883,40596,死亡誓約,1,1,400000
45884,40596,死亡誓約,1,1,400000
45885,40596,死亡誓約,1,1,400000
45886,40596,死亡誓約,1,1,400000
45887,40596,死亡誓約,1,1,400000
45888,40596,死亡誓約,1,1,400000
45889,40596,死亡誓約,1,1,400000
45890,40013,自我加速藥水,1,1,100000
45890,40089,復活卷軸,1,1,100000
45890,40308,金幣,20,300,800000
45891,40013,自我加速藥水,1,1,100000
45891,40089,復活卷軸,1,1,100000
45891,40308,金幣,100,400,800000
45892,187,拉斯塔巴德十字弓,1,1,30000
45892,40019,濃縮體力恢復劑,1,1,100000
45892,40308,金幣,100,400,800000
45893,187,拉斯塔巴德十字弓,1,1,30000
45893,40013,自我加速藥水,1,1,100000
45893,40014,勇敢藥水,1,1,100000
45893,40018,強化 綠色藥水,1,1,70000
45893,40021,濃縮終極體力恢復劑,1,1,100000
45893,40074,對盔甲施法的卷軸,1,1,50000
45893,40087,對武器施法的卷軸,1,1,50000
45893,40308,金幣,100,400,800000
45894,40308,金幣,50,400,800000
45894,40614,礦物收集文件,1,1,50000
45894,40999,黑暗妖精士兵的徽章,1,1,80000
45895,10,小武士刀,1,1,20000
45895,176,拉斯塔巴德弓,1,1,20000
45895,20102,拉斯塔巴德皮盔甲,1,1,5000
45895,20199,拉斯塔巴德長靴,1,1,10000
45895,40013,自我加速藥水,1,1,100000
45895,40016,慎重藥水,1,1,100000
45895,40100,瞬間移動卷軸,1,1,200000
45895,40119,解除咀咒的卷軸,1,1,200000
45895,40308,金幣,50,400,800000
45895,40432,狄亞得卷軸碎片,1,1,200000
45895,40444,黑色米索莉原石,1,1,30000
45895,40524,黑色血痕,1,1,50000
45895,40999,黑暗妖精士兵的徽章,1,1,80000
45896,40308,金幣,50,400,800000
45896,40999,黑暗妖精士兵的徽章,1,1,80000
45897,38,拉斯塔巴德長劍,1,1,20000
45897,20070,黑暗斗蓬,1,1,10000
45897,20102,拉斯塔巴德皮盔甲,1,1,5000
45897,20199,拉斯塔巴德長靴,1,1,10000
45897,40010,治癒藥水,1,1,300000
45897,40013,自我加速藥水,1,1,100000
45897,40014,勇敢藥水,1,1,100000
45897,40016,慎重藥水,1,1,100000
45897,40074,對盔甲施法的卷軸,1,1,20000
45897,40087,對武器施法的卷軸,1,1,20000
45897,40100,瞬間移動卷軸,1,1,200000
45897,40119,解除咀咒的卷軸,1,1,200000
45897,40200,魔法書(狂暴術),1,1,40000
45897,40269,黑暗精靈水晶(力量提升),1,1,20000
45897,40271,黑暗精靈水晶(燃燒鬥志),1,1,20000
45897,40272,黑暗精靈水晶(暗黑盲咒),1,1,40000
45897,40279,黑暗精靈水晶(閃避提升),1,1,20000
45897,40308,金幣,50,400,800000
45897,40429,大洞穴卷軸碎片,1,1,100000
45897,40432,狄亞得卷軸碎片,1,1,200000
45897,40444,黑色米索莉原石,1,1,30000
45897,40524,黑色血痕,1,1,50000
45897,40899,鋼鐵原石,1,1,50000
45897,40999,黑暗妖精士兵的徽章,1,1,80000
45897,140100,瞬間移動卷軸,1,1,100000
45898,6,拉斯塔巴德短劍,1,1,10000
45898,187,拉斯塔巴德十字弓,1,1,5000
45898,40013,自我加速藥水,1,1,100000
45898,40016,慎重藥水,1,1,100000
45898,40074,對盔甲施法的卷軸,1,1,20000
45898,40087,對武器施法的卷軸,1,1,20000
45898,40100,瞬間移動卷軸,1,1,200000
45898,40119,解除咀咒的卷軸,1,1,200000
45898,40197,魔法書(神聖疾走),1,1,500
45898,40265,黑暗精靈水晶(暗隱術),1,1,20000
45898,40266,黑暗精靈水晶(附加劇毒),1,1,40000
45898,40269,黑暗精靈水晶(力量提升),1,1,20000
45898,40272,黑暗精靈水晶(暗黑盲咒),1,1,40000
45898,40278,黑暗精靈水晶(會心一擊),1,1,20000
45898,40279,黑暗精靈水晶(閃避提升),1,1,20000
45898,40308,金幣,50,400,800000
45898,40426,黑暗棲林者戒指,1,1,10000
45898,40432,狄亞得卷軸碎片,1,1,200000
45898,40444,黑色米索莉原石,1,1,30000
45898,40524,黑色血痕,1,1,50000
45898,40999,黑暗妖精士兵的徽章,1,1,80000
45898,140100,瞬間移動卷軸,1,1,100000
45899,122,拉斯塔巴德魔杖,1,1,20000
45899,20103,拉斯塔巴德長袍,1,1,5000
45899,40011,強力治癒藥水,1,1,100000
45899,40013,自我加速藥水,1,1,100000
45899,40015,藍色藥水,1,1,10000
45899,40016,慎重藥水,1,1,100000
45899,40100,瞬間移動卷軸,1,1,200000
45899,40119,解除咀咒的卷軸,1,1,200000
45899,40221,魔法書(集體緩速術),1,1,20000
45899,40274,黑暗精靈水晶(敏捷提升),1,1,20000
45899,40308,金幣,50,400,800000
45899,40432,狄亞得卷軸碎片,1,1,200000
45899,40444,黑色米索莉原石,1,1,30000
45899,40524,黑色血痕,1,1,50000
45899,40999,黑暗妖精士兵的徽章,1,1,80000
45899,140100,瞬間移動卷軸,1,1,100000
45900,82,拉斯塔巴德雙刀,1,1,6000
45900,40308,金幣,50,400,800000
45900,40432,狄亞得卷軸碎片,1,1,200000
45900,41000,黑暗妖精將軍的徽章,1,1,20000
45900,49160,丹特斯的召書,1,1,100000
45900,140100,瞬間移動卷軸,1,1,100000
45901,10,小武士刀,1,1,20000
45901,176,拉斯塔巴德弓,1,1,10000
45901,20102,拉斯塔巴德皮盔甲,1,1,5000
45901,20199,拉斯塔巴德長靴,1,1,10000
45901,40010,治癒藥水,1,1,300000
45901,40011,強力治癒藥水,1,1,100000
45901,40013,自我加速藥水,1,1,100000
45901,40016,慎重藥水,1,1,100000
45901,40019,濃縮體力恢復劑,1,1,7000
45901,40074,對盔甲施法的卷軸,1,1,20000
45901,40087,對武器施法的卷軸,1,1,20000
45901,40100,瞬間移動卷軸,1,1,200000
45901,40119,解除咀咒的卷軸,1,1,200000
45901,40209,魔法書(魔法封印),1,1,70000
45901,40217,魔法書(強力無所遁形術),1,1,70000
45901,40266,黑暗精靈水晶(附加劇毒),1,1,40000
45901,40269,黑暗精靈水晶(力量提升),1,1,20000
45901,40271,黑暗精靈水晶(燃燒鬥志),1,1,20000
45901,40272,黑暗精靈水晶(暗黑盲咒),1,1,40000
45901,40308,金幣,50,400,800000
45901,40426,黑暗棲林者戒指,1,1,10000
45901,40429,大洞穴卷軸碎片,1,1,100000
45901,40432,狄亞得卷軸碎片,1,1,200000
45901,40444,黑色米索莉原石,1,1,30000
45901,40524,黑色血痕,1,1,50000
45901,40746,米索莉箭,1,10,6000
45901,40999,黑暗妖精士兵的徽章,1,1,80000
45902,10,小武士刀,1,1,20000
45902,187,拉斯塔巴德十字弓,1,1,5000
45902,188,拉斯塔巴德重十字弓,1,1,5000
45902,40013,自我加速藥水,1,1,100000
45902,40016,慎重藥水,1,1,100000
45902,40074,對盔甲施法的卷軸,1,1,20000
45902,40087,對武器施法的卷軸,1,1,20000
45902,40100,瞬間移動卷軸,1,1,200000
45902,40119,解除咀咒的卷軸,1,1,200000
45902,40197,魔法書(神聖疾走),1,1,10000
45902,40266,黑暗精靈水晶(附加劇毒),1,1,40000
45902,40271,黑暗精靈水晶(燃燒鬥志),1,1,20000
45902,40273,黑暗精靈水晶(毒性抵抗),1,1,50000
45902,40308,金幣,50,400,800000
45902,40429,大洞穴卷軸碎片,1,1,100000
45902,40432,狄亞得卷軸碎片,1,1,200000
45902,40444,黑色米索莉原石,1,1,30000
45902,40524,黑色血痕,1,1,50000
45902,40746,米索莉箭,1,10,6000
45902,40899,鋼鐵原石,1,1,50000
45902,40999,黑暗妖精士兵的徽章,1,1,80000
45903,101,拉斯塔巴德矛,1,1,20000
45903,20104,拉斯塔巴德銀釘皮盔甲,1,1,5000
45903,20224,拉斯塔巴德圓盾,1,1,1000
45903,40010,治癒藥水,1,1,300000
45903,40011,強力治癒藥水,1,1,100000
45903,40013,自我加速藥水,1,1,100000
45903,40014,勇敢藥水,1,1,100000
45903,40016,慎重藥水,1,1,100000
45903,40074,對盔甲施法的卷軸,1,1,20000
45903,40087,對武器施法的卷軸,1,1,20000
45903,40100,瞬間移動卷軸,1,1,200000
45903,40119,解除咀咒的卷軸,1,1,200000
45903,40266,黑暗精靈水晶(附加劇毒),1,1,20000
45903,40271,黑暗精靈水晶(燃燒鬥志),1,1,50000
45903,40277,黑暗精靈水晶(暗影之牙),1,1,20000
45903,40308,金幣,50,400,800000
45903,40429,大洞穴卷軸碎片,1,1,100000
45903,40432,狄亞得卷軸碎片,1,1,200000
45903,40444,黑色米索莉原石,1,1,30000
45903,40524,黑色血痕,1,1,50000
45903,40899,鋼鐵原石,1,1,50000
45903,40999,黑暗妖精士兵的徽章,1,1,80000
45904,38,拉斯塔巴德長劍,1,1,20000
45904,20070,黑暗斗蓬,1,1,10000
45904,20102,拉斯塔巴德皮盔甲,1,1,5000
45904,20199,拉斯塔巴德長靴,1,1,10000
45904,40010,治癒藥水,1,1,300000
45904,40013,自我加速藥水,1,1,100000
45904,40014,勇敢藥水,1,1,100000
45904,40016,慎重藥水,1,1,100000
45904,40074,對盔甲施法的卷軸,1,1,20000
45904,40087,對武器施法的卷軸,1,1,20000
45904,40100,瞬間移動卷軸,1,1,200000
45904,40119,解除咀咒的卷軸,1,1,200000
45904,40200,魔法書(狂暴術),1,1,40000
45904,40269,黑暗精靈水晶(力量提升),1,1,20000
45904,40271,黑暗精靈水晶(燃燒鬥志),1,1,20000
45904,40272,黑暗精靈水晶(暗黑盲咒),1,1,40000
45904,40279,黑暗精靈水晶(閃避提升),1,1,20000
45904,40308,金幣,50,400,800000
45904,40429,大洞穴卷軸碎片,1,1,100000
45904,40432,狄亞得卷軸碎片,1,1,200000
45904,40444,黑色米索莉原石,1,1,30000
45904,40524,黑色血痕,1,1,50000
45904,40999,黑暗妖精士兵的徽章,1,1,80000
45905,6,拉斯塔巴德短劍,1,1,10000
45905,187,拉斯塔巴德十字弓,1,1,5000
45905,40013,自我加速藥水,1,1,100000
45905,40016,慎重藥水,1,1,100000
45905,40068,精靈餅乾,1,1,30000
45905,40074,對盔甲施法的卷軸,1,1,20000
45905,40087,對武器施法的卷軸,1,1,20000
45905,40100,瞬間移動卷軸,1,1,200000
45905,40119,解除咀咒的卷軸,1,1,200000
45905,40197,魔法書(神聖疾走),1,1,500
45905,40265,黑暗精靈水晶(暗隱術),1,1,20000
45905,40266,黑暗精靈水晶(附加劇毒),1,1,40000
45905,40269,黑暗精靈水晶(力量提升),1,1,20000
45905,40272,黑暗精靈水晶(暗黑盲咒),1,1,40000
45905,40278,黑暗精靈水晶(會心一擊),1,1,20000
45905,40279,黑暗精靈水晶(閃避提升),1,1,20000
45905,40308,金幣,50,400,800000
45905,40426,黑暗棲林者戒指,1,1,10000
45905,40432,狄亞得卷軸碎片,1,1,200000
45905,40444,黑色米索莉原石,1,1,30000
45905,40524,黑色血痕,1,1,50000
45905,40746,米索莉箭,1,10,100000
45905,40999,黑暗妖精士兵的徽章,1,1,80000
45905,49132,記憶水晶(洞察),1,1,500
45905,140100,瞬間移動卷軸,1,1,100000
45906,122,拉斯塔巴德魔杖,1,1,20000
45906,20103,拉斯塔巴德長袍,1,1,5000
45906,40013,自我加速藥水,1,1,100000
45906,40015,藍色藥水,1,1,10000
45906,40016,慎重藥水,1,1,100000
45906,40074,對盔甲施法的卷軸,1,1,20000
45906,40087,對武器施法的卷軸,1,1,20000
45906,40100,瞬間移動卷軸,1,1,200000
45906,40119,解除咀咒的卷軸,1,1,200000
45906,40200,魔法書(狂暴術),1,1,40000
45906,40211,魔法書(沉睡之霧),1,1,20000
45906,40213,魔法書(聖結界),1,1,10000
45906,40217,魔法書(強力無所遁形術),1,1,70000
45906,40221,魔法書(集體緩速術),1,1,20000
45906,40271,黑暗精靈水晶(燃燒鬥志),1,1,20000
45906,40273,黑暗精靈水晶(毒性抵抗),1,1,50000
45906,40308,金幣,50,400,800000
45906,40429,大洞穴卷軸碎片,1,1,100000
45906,40432,狄亞得卷軸碎片,1,1,200000
45906,40444,黑色米索莉原石,1,1,30000
45906,40524,黑色血痕,1,1,50000
45906,40999,黑暗妖精士兵的徽章,1,1,80000
45906,49132,記憶水晶(洞察),1,1,800
45906,140100,瞬間移動卷軸,1,1,100000
45907,40016,慎重藥水,1,1,100000
45907,40018,強化 綠色藥水,1,1,100000
45907,40074,對盔甲施法的卷軸,1,1,20000
45907,40100,瞬間移動卷軸,1,1,200000
45907,40429,大洞穴卷軸碎片,1,1,100000
45907,40432,狄亞得卷軸碎片,1,1,200000
45907,40465,精靈使戒指,1,1,10000
45908,82,拉斯塔巴德雙刀,1,1,6000
45908,20105,拉斯塔巴德鏈甲,1,1,6000
45908,40074,對盔甲施法的卷軸,1,1,20000
45908,40087,對武器施法的卷軸,1,1,20000
45908,40119,解除咀咒的卷軸,1,1,200000
45908,40193,魔法書(祝福魔法武器),1,1,10000
45908,40266,黑暗精靈水晶(附加劇毒),1,1,20000
45908,40271,黑暗精靈水晶(燃燒鬥志),1,1,20000
45908,40273,黑暗精靈水晶(毒性抵抗),1,1,50000
45908,40274,黑暗精靈水晶(敏捷提升),1,1,6000
45908,40275,黑暗精靈水晶(雙重破壞),1,1,6000
45908,40277,黑暗精靈水晶(暗影之牙),1,1,20000
45908,40308,金幣,50,400,800000
45908,40429,大洞穴卷軸碎片,1,1,100000
45908,40432,狄亞得卷軸碎片,1,1,200000
45908,40444,黑色米索莉原石,1,1,30000
45908,40524,黑色血痕,1,1,50000
45908,41000,黑暗妖精將軍的徽章,1,1,20000
45908,49112,龍騎士書板(致命身軀),1,1,5000
45908,49160,丹特斯的召書,1,1,100000
45908,140100,瞬間移動卷軸,1,1,100000
45909,20053,狼皮斗篷,1,1,1000
45909,40010,治癒藥水,1,1,300000
45909,40074,對盔甲施法的卷軸,1,1,20000
45909,40087,對武器施法的卷軸,1,1,20000
45909,40266,黑暗精靈水晶(附加劇毒),1,1,40000
45909,40267,黑暗精靈水晶(影之防護),1,1,50000
45909,40271,黑暗精靈水晶(燃燒鬥志),1,1,20000
45909,40273,黑暗精靈水晶(毒性抵抗),1,1,50000
45909,40274,黑暗精靈水晶(敏捷提升),1,1,6000
45909,40275,黑暗精靈水晶(雙重破壞),1,1,6000
45909,40308,金幣,50,400,800000
45909,40429,大洞穴卷軸碎片,1,1,100000
45909,40432,狄亞得卷軸碎片,1,1,200000
45909,40444,黑色米索莉原石,1,1,30000
45909,40454,馴獸師戒指,1,1,30000
45909,40999,黑暗妖精士兵的徽章,1,1,80000
45910,40304,馬普勒之石,1,1,60000
45910,40308,金幣,50,300,800000
45910,40432,狄亞得卷軸碎片,1,1,100000
45910,40470,原石碎片,1,1,100000
45911,40304,馬普勒之石,1,1,60000
45911,40308,金幣,50,200,800000
45911,40432,狄亞得卷軸碎片,1,1,100000
45912,41327,幽靈之氣息,1,1,30000
45912,49123,記憶水晶(心靈破壞),1,1,2000
45913,41327,幽靈之氣息,1,1,30000
45913,49123,記憶水晶(心靈破壞),1,1,20000
45914,41327,幽靈之氣息,1,1,30000
45915,41327,幽靈之氣息,1,1,30000
45916,41328,哈蒙的氣息,1,1,30000
45916,49113,龍騎士書板(奪命之雷),1,1,3000
45920,20115,藤甲,1,1,20000
45920,40049,品質紅寶石,1,1,200000
45920,40090,空的魔法卷軸(等級1),1,1,300000
45920,40304,馬普勒之石,1,1,30000
45920,40308,金幣,20,300,800000
45920,41343,法利昂的血痕,1,1,200000
45921,148,巨斧,1,1,20000
45921,20115,藤甲,1,1,20000
45921,40090,空的魔法卷軸(等級1),1,1,300000
45921,40183,魔法書(冰錐),1,1,100000
45921,40184,魔法書(魔力奪取),1,1,100000
45921,40225,魔法書(冰雪颶風),1,1,5000
45921,40236,精靈水晶(屬性防禦),1,1,200000
45921,40306,伊娃之石,1,1,30000
45921,40308,金幣,20,300,800000
45921,41343,法利昂的血痕,1,1,200000
45922,40049,品質紅寶石,1,1,200000
45922,40051,品質綠寶石,1,1,200000
45922,40074,對盔甲施法的卷軸,1,1,10000
45922,40304,馬普勒之石,1,1,30000
45922,40308,金幣,20,300,800000
45922,41343,法利昂的血痕,1,1,200000
45922,240074,對盔甲施法的卷軸,1,1,5000
45923,40091,空的魔法卷軸(等級2),1,1,150000
45923,40093,空的魔法卷軸(等級4),1,1,300000
45923,40173,魔法書(吸血鬼之吻),1,1,200000
45923,40223,魔法書(絕對屏障),1,1,100
45923,40224,魔法書(靈魂昇華),1,1,100
45923,40306,伊娃之石,1,1,30000
45923,40308,金幣,20,300,800000
45923,41339,亡者的信件,1,1,200000
45924,20115,藤甲,1,1,20000
45924,20175,水晶手套,1,1,1000
45924,40013,自我加速藥水,1,1,400000
45924,40018,強化 綠色藥水,1,1,150000
45924,40091,空的魔法卷軸(等級2),1,1,300000
45924,40171,魔法書(通暢氣脈術),1,1,200000
45924,40189,魔法書(魔法相消術),1,1,200000
45924,40304,馬普勒之石,1,1,30000
45924,40308,金幣,20,300,800000
45924,41343,法利昂的血痕,1,1,200000
45924,140100,瞬間移動卷軸,1,1,100000
45925,40017,翡翠藥水,1,1,400000
45925,40046,藍寶石,1,1,50000
45925,40050,品質藍寶石,1,1,100000
45925,40210,魔法書(雷霆風暴),1,1,10000
45925,40306,伊娃之石,1,1,30000
45925,40308,金幣,20,300,800000
45926,20032,黑暗頭飾,1,1,10000
45926,20115,藤甲,1,1,2000
45926,40178,魔法書(木乃伊的詛咒),1,1,8000
45926,40189,魔法書(魔法相消術),1,1,10000
45926,40192,魔法書(弱化術),1,1,15000
45926,40237,精靈水晶(釋放元素),1,1,10000
45926,40240,精靈水晶(三重矢),1,1,20000
45926,40304,馬普勒之石,1,1,30000
45926,40308,金幣,20,300,800000
45926,41343,法利昂的血痕,1,1,200000
45926,49123,記憶水晶(心靈破壞),1,1,400
45926,240087,對武器施法的卷軸,1,1,5000
45927,40074,對盔甲施法的卷軸,1,1,10000
45927,40172,魔法書(壞物術),1,1,100000
45927,40187,魔法書(體魄強健術),1,1,200000
45927,40238,精靈水晶(魂體轉換),1,1,5000
45927,40255,精靈水晶(生命的祝福),1,1,1000
45927,40306,伊娃之石,1,1,30000
45927,40308,金幣,20,300,800000
45927,140100,瞬間移動卷軸,1,1,100000
45928,20207,深水長靴,1,1,1000
45928,40008,楓木魔杖,1,1,30000
45928,40087,對武器施法的卷軸,1,1,10000
45928,40092,空的魔法卷軸(等級3),1,1,150000
45928,40172,魔法書(壞物術),1,1,100000
45928,40232,精靈水晶(魔法防禦),1,1,10000
45928,40236,精靈水晶(屬性防禦),1,1,10000
45928,40255,精靈水晶(生命的祝福),1,1,1000
45928,40306,伊娃之石,1,1,30000
45928,40308,金幣,20,300,800000
45928,40458,光明的鱗片,1,1,10000
45928,41343,法利昂的血痕,1,1,200000
45929,20207,深水長靴,1,1,1000
45929,40008,楓木魔杖,1,1,30000
45929,40087,對武器施法的卷軸,1,1,10000
45929,40092,空的魔法卷軸(等級3),1,1,150000
45929,40172,魔法書(壞物術),1,1,100000
45929,40232,精靈水晶(魔法防禦),1,1,10000
45929,40236,精靈水晶(屬性防禦),1,1,10000
45929,40255,精靈水晶(生命的祝福),1,1,1000
45929,40306,伊娃之石,1,1,30000
45929,40308,金幣,20,300,800000
45929,40458,光明的鱗片,1,1,10000
45929,41343,法利昂的血痕,1,1,200000
45930,20242,大盾牌,1,1,20000
45930,40008,楓木魔杖,1,1,30000
45930,40087,對武器施法的卷軸,1,1,10000
45930,40092,空的魔法卷軸(等級3),1,1,150000
45930,40100,瞬間移動卷軸,1,1,400000
45930,40306,伊娃之石,1,1,30000
45930,40308,金幣,20,300,800000
45930,40458,光明的鱗片,1,1,10000
45930,41343,法利昂的血痕,1,1,200000
45931,20207,深水長靴,1,1,1000
45931,40050,品質藍寶石,1,1,10000
45931,40093,空的魔法卷軸(等級4),1,1,300000
45931,40246,精靈水晶(鏡反射),1,1,10000
45931,40253,精靈水晶(水之元氣),1,1,10000
45931,40306,伊娃之石,1,1,30000
45931,40308,金幣,200,3000,800000
45931,41151,精靈水晶(水之防護),1,1,1000
45931,41344,水中的水,1,1,500000
45931,240074,對盔甲施法的卷軸,1,1,5000
45931,240087,對武器施法的卷軸,1,1,5000
45933,40008,楓木魔杖,1,1,30000
45933,40013,自我加速藥水,1,1,50000
45933,40074,對盔甲施法的卷軸,1,1,10000
45933,40088,變形卷軸,1,1,300000
45933,40306,伊娃之石,1,1,30000
45933,40308,金幣,20,300,800000
45934,20182,手套,1,1,100000
45934,40008,楓木魔杖,1,1,30000
45934,40074,對盔甲施法的卷軸,1,1,10000
45934,40088,變形卷軸,1,1,300000
45934,40183,魔法書(冰錐),1,1,200000
45934,40306,伊娃之石,1,1,30000
45934,40308,金幣,20,300,800000
45934,49128,記憶水晶(幻想),1,1,1000
45935,20115,藤甲,1,1,2000
45935,20175,水晶手套,1,1,1000
45935,20227,梅杜莎盾牌,1,1,5000
45935,40013,自我加速藥水,1,1,50000
45935,40189,魔法書(魔法相消術),1,1,10000
45935,40213,魔法書(聖結界),1,1,10000
45935,40220,魔法書(終極返生術),1,1,10000
45935,40308,金幣,200,3000,800000
45935,41342,梅杜莎之血,1,1,500000
45935,41343,法利昂的血痕,1,1,200000
45935,49128,記憶水晶(幻想),1,1,3000
45935,240074,對盔甲施法的卷軸,1,1,5000
45935,240087,對武器施法的卷軸,1,1,5000
45936,40174,魔法書(緩速術),1,1,10000
45936,40183,魔法書(冰錐),1,1,10000
45936,40195,魔法書(冰矛圍籬),1,1,10000
45936,40202,魔法書(全部治癒術),1,1,10000
45936,40250,精靈水晶(大地的祝福),1,1,50000
45936,40253,精靈水晶(水之元氣),1,1,10000
45936,40254,精靈水晶(生命之泉),1,1,10000
45936,40255,精靈水晶(生命的祝福),1,1,1000
45936,40306,伊娃之石,1,1,30000
45936,40308,金幣,200,1000,800000
45936,41151,精靈水晶(水之防護),1,1,1000
45936,49111,龍騎士書板(覺醒：法利昂),1,1,10000
45937,40007,烏木魔杖,1,1,5000
45937,40183,魔法書(冰錐),1,1,10000
45937,40247,精靈水晶(大地防護),1,1,10000
45937,40250,精靈水晶(大地的祝福),1,1,50000
45937,40254,精靈水晶(生命之泉),1,1,10000
45937,40306,伊娃之石,1,1,30000
45937,40308,金幣,20,300,800000
45937,40601,龍龜甲,1,1,100000
45937,140100,瞬間移動卷軸,1,1,100000
45938,40007,烏木魔杖,1,1,5000
45938,40179,魔法書(極道落雷),0,0,10000
45938,40183,魔法書(冰錐),1,1,10000
45938,40196,魔法書(召喚術),1,0,50000
45938,40210,魔法書(雷霆風暴),0,0,10000
45938,40225,魔法書(冰雪颶風),0,0,5000
45938,40250,精靈水晶(大地的祝福),1,1,50000
45938,40254,精靈水晶(生命之泉),1,1,10000
45938,40306,伊娃之石,1,1,30000
45938,40308,金幣,20,300,800000
45938,140100,瞬間移動卷軸,1,1,100000
45939,40056,肉,1,1,600000
45939,40074,對盔甲施法的卷軸,1,1,10000
45939,40087,對武器施法的卷軸,1,1,10000
45939,40172,魔法書(壞物術),1,1,100000
45939,40183,魔法書(冰錐),1,1,10000
45939,40185,魔法書(黑闇之影),1,1,10000
45939,40192,魔法書(弱化術),1,1,10000
45939,40195,魔法書(冰矛圍籬),1,1,10000
45939,40306,伊娃之石,1,1,30000
45939,40308,金幣,20,300,800000
45940,20207,深水長靴,1,1,1000
45940,40041,人魚之鱗,1,1,10000
45940,40046,藍寶石,1,1,50000
45940,40054,高品質藍寶石,1,1,10000
45940,40074,對盔甲施法的卷軸,1,1,10000
45940,40093,空的魔法卷軸(等級4),1,1,300000
45940,40225,魔法書(冰雪颶風),1,1,5000
45940,40250,精靈水晶(大地的祝福),1,1,50000
45940,40253,精靈水晶(水之元氣),1,1,10000
45940,40255,精靈水晶(生命的祝福),1,1,5000
45940,40306,伊娃之石,1,1,30000
45940,40308,金幣,20,300,800000
45940,41343,法利昂的血痕,1,1,200000
45941,41349,莎爾之戒,1,1,500000
45942,107,深紅長矛,1,1,5000
45942,151,惡魔斧頭,1,1,5000
45942,20174,雪人手套,1,1,10000
45942,20175,水晶手套,1,1,1000
45942,20285,水靈戒指,1,1,10000
45942,40013,自我加速藥水,1,1,50000
45942,40048,品質鑽石,1,1,10000
45942,40049,品質紅寶石,1,1,10000
45942,40050,品質藍寶石,1,1,10000
45942,40051,品質綠寶石,1,1,10000
45942,40246,精靈水晶(鏡反射),1,1,10000
45942,40253,精靈水晶(水之元氣),1,1,10000
45942,40306,伊娃之石,1,1,30000
45942,40308,金幣,200,3000,800000
45942,41152,精靈水晶(污濁之水),1,1,10000
45942,41343,法利昂的血痕,1,1,200000
45942,49115,龍騎士書板(寒冰噴吐),1,1,5000
45942,49136,記憶水晶(立方：和諧),1,1,800
45942,240074,對盔甲施法的卷軸,1,1,5000
45942,240087,對武器施法的卷軸,1,1,5000
45943,41,武士刀,1,1,30000
45943,20207,深水長靴,1,1,1000
45943,40013,自我加速藥水,1,1,50000
45943,40074,對盔甲施法的卷軸,1,1,5000
45943,40087,對武器施法的卷軸,1,1,5000
45943,40093,空的魔法卷軸(等級4),1,1,300000
45943,40094,空的魔法卷軸(等級5),1,1,100000
45943,40183,魔法書(冰錐),1,1,10000
45943,40190,魔法書(地裂術),1,1,10000
45943,40195,魔法書(冰矛圍籬),1,1,10000
45943,40253,精靈水晶(水之元氣),1,1,10000
45943,40306,伊娃之石,1,1,30000
45943,40308,金幣,200,3000,800000
45943,41151,精靈水晶(水之防護),1,1,1000
45943,41152,精靈水晶(污濁之水),1,1,10000
45943,41343,法利昂的血痕,1,1,200000
45943,49135,記憶水晶(幻覺：化身),1,1,1000
45943,100041,武士刀,1,1,300000
45943,240074,對盔甲施法的卷軸,1,1,5000
45943,240087,對武器施法的卷軸,1,1,5000
45944,20316,靈魂腰帶,1,1,10000
45944,20319,精神腰帶,1,1,10000
45944,40013,自我加速藥水,1,1,50000
45944,40074,對盔甲施法的卷軸,2,2,50000
45944,40087,對武器施法的卷軸,2,2,50000
45944,40093,空的魔法卷軸(等級4),1,1,300000
45944,40094,空的魔法卷軸(等級5),1,1,100000
45944,40202,魔法書(全部治癒術),1,1,10000
45944,40204,魔法書(冰雪暴),1,1,10000
45944,40210,魔法書(雷霆風暴),1,1,10000
45944,40253,精靈水晶(水之元氣),1,1,10000
45944,40306,伊娃之石,1,1,30000
45944,40308,金幣,200,3000,800000
45944,41151,精靈水晶(水之防護),1,1,1000
45944,41152,精靈水晶(污濁之水),1,1,10000
45944,41343,法利昂的血痕,1,1,200000
45944,41345,酸性液體,1,1,500000
45944,100041,武士刀,1,1,300000
45944,240074,對盔甲施法的卷軸,4,6,300000
45944,240087,對武器施法的卷軸,4,6,300000
45946,148,巨斧,1,1,4000
45946,20013,敏捷魔法頭盔,1,1,10000
45946,20231,塔盾,1,1,20000
45946,40020,濃縮強力體力恢復劑,1,1,50000
45946,40047,綠寶石,1,1,50000
45946,40248,精靈水晶(地面障礙),1,1,10000
45946,40250,精靈水晶(大地的祝福),1,1,10000
45946,40308,金幣,50,80,1000000
45946,41274,螞蟻腿,1,1,0
45947,148,巨斧,1,1,5000
45947,20115,藤甲,1,1,5000
45947,20231,塔盾,1,1,20000
45947,40049,品質紅寶石,1,1,20000
45947,40248,精靈水晶(地面障礙),1,1,10000
45947,40308,金幣,55,85,1000000
45947,41274,螞蟻腿,1,1,0
45948,20015,力量魔法頭盔,1,1,20000
45948,20149,青銅盔甲,1,1,20000
45948,40020,濃縮強力體力恢復劑,1,1,50000
45948,40047,綠寶石,1,1,60000
45948,40049,品質紅寶石,1,1,20000
45948,40308,金幣,60,90,1000000
45948,41274,螞蟻腿,1,1,0
45949,20013,敏捷魔法頭盔,1,1,20000
45949,20149,青銅盔甲,1,1,20000
45949,20231,塔盾,1,1,20000
45949,40020,濃縮強力體力恢復劑,1,1,60000
45949,40051,品質綠寶石,1,1,30000
45949,40248,精靈水晶(地面障礙),1,1,10000
45949,40251,精靈水晶(鋼鐵防護),1,1,10000
45949,40304,馬普勒之石,1,1,30000
45949,40308,金幣,65,100,1000000
45949,41274,螞蟻腿,1,1,0
45950,64,巨劍,1,1,5000
45950,20013,敏捷魔法頭盔,1,1,50000
45950,20115,藤甲,1,1,6000
45950,40051,品質綠寶石,1,1,60000
45950,40250,精靈水晶(大地的祝福),1,1,20000
45950,40251,精靈水晶(鋼鐵防護),1,1,20000
45950,40308,金幣,75,110,1000000
45950,41274,螞蟻腿,1,1,0
45951,52,雙手劍,1,1,5000
45951,64,巨劍,1,1,5000
45951,20013,敏捷魔法頭盔,1,1,10000
45951,20115,藤甲,1,1,5000
45951,20149,青銅盔甲,1,1,40000
45951,20231,塔盾,1,1,20000
45951,40020,濃縮強力體力恢復劑,1,1,65000
45951,40049,品質紅寶石,1,1,60000
45951,40051,品質綠寶石,1,1,60000
45951,40248,精靈水晶(地面障礙),1,1,20000
45951,40250,精靈水晶(大地的祝福),1,1,20000
45951,40304,馬普勒之石,1,1,50000
45951,40308,金幣,85,115,1000000
45951,41274,螞蟻腿,1,1,0
45952,44,古代黑暗妖精之劍,1,1,20000
45952,179,古代妖精弩槍,1,1,40000
45952,20231,塔盾,1,1,30000
45952,40248,精靈水晶(地面障礙),1,1,30000
45952,40304,馬普勒之石,1,1,70000
45952,40308,金幣,100,135,1000000
45952,41274,螞蟻腿,1,1,0
45955,40083,大洞穴移動卷軸,1,1,50000
45955,40186,魔法書(造屍術),1,1,10000
45955,40675,黑暗礦石,1,1,10000
45955,40964,黑魔法粉,1,1,50000
45955,40968,修行者經典,1,1,10000
45955,41011,封印的歷史書第1頁,1,1,10000
45955,41028,死亡騎士之印記,1,1,10000
45955,41243,拉斯塔巴德補給袋,1,1,10000
45956,70,尖刺雙刀,1,1,5000
45956,75,黑暗 雙刀,1,1,5000
45956,82,拉斯塔巴德雙刀,1,1,5000
45956,20201,武官長靴,1,1,5000
45956,40083,大洞穴移動卷軸,1,1,50000
45956,40208,魔法書(治癒能量風暴),1,1,10000
45956,40209,魔法書(魔法封印),1,1,10000
45956,40238,精靈水晶(魂體轉換),1,1,1000
45956,40675,黑暗礦石,1,1,10000
45956,40964,黑魔法粉,1,1,50000
45956,40968,修行者經典,1,1,5000
45956,41012,封印的歷史書第2頁,1,1,10000
45956,41028,死亡騎士之印記,1,1,10000
45956,41243,拉斯塔巴德補給袋,1,1,10000
45957,130,紅水晶魔杖,1,1,1000
45957,20030,神官頭飾,1,1,5000
45957,40083,大洞穴移動卷軸,1,1,50000
45957,40178,魔法書(木乃伊的詛咒),1,1,10000
45957,40189,魔法書(魔法相消術),1,1,10000
45957,40221,魔法書(集體緩速術),1,1,10000
45957,40249,精靈水晶(大地屏障),1,1,1000
45957,40253,精靈水晶(水之元氣),1,1,10000
45957,40675,黑暗礦石,1,1,10000
45957,40964,黑魔法粉,1,1,50000
45957,40968,修行者經典,1,1,5000
45957,41013,封印的歷史書第3頁,1,1,10000
45957,41028,死亡騎士之印記,1,1,10000
45957,41150,精靈水晶(能量激發),1,1,10000
45957,41243,拉斯塔巴德補給袋,1,1,10000
45958,49,武官之刃,1,1,5000
45958,55,黑暗之劍,1,1,5000
45958,168,黑暗 十字弓,1,1,5000
45958,20032,黑暗頭飾,1,1,5000
45958,20168,武官手套,1,1,5000
45958,40083,大洞穴移動卷軸,1,1,50000
45958,40164,技術書(衝擊之暈),1,1,10000
45958,40204,魔法書(冰雪暴),1,1,10000
45958,40213,魔法書(聖結界),1,1,1000
45958,40224,魔法書(靈魂昇華),1,1,1000
45958,40277,黑暗精靈水晶(暗影之牙),1,1,10000
45958,40675,黑暗礦石,1,1,10000
45958,40964,黑魔法粉,1,1,50000
45958,40968,修行者經典,1,1,5000
45958,41014,封印的歷史書第4頁,1,1,10000
45958,41028,死亡騎士之印記,1,1,10000
45958,41150,精靈水晶(能量激發),1,1,10000
45958,41243,拉斯塔巴德補給袋,1,1,10000
45958,100049,武官之刃,1,1,5000
45959,20180,黑暗手套,1,1,10000
45959,20208,神官長靴,1,1,5000
45959,40083,大洞穴移動卷軸,1,1,50000
45959,40185,魔法書(黑闇之影),1,1,10000
45959,40211,魔法書(沉睡之霧),1,1,10000
45959,40255,精靈水晶(生命的祝福),1,1,5000
45959,40675,黑暗礦石,1,1,10000
45959,40964,黑魔法粉,1,1,50000
45959,40968,修行者經典,1,1,5000
45959,41015,封印的歷史書第5頁,1,1,10000
45959,41028,死亡騎士之印記,1,1,30000
45959,41243,拉斯塔巴德補給袋,1,1,10000
45959,49106,龍騎士書板(覺醒：安塔瑞斯),1,1,10000
45960,40,血色巨劍,1,1,5000
45960,20070,黑暗斗蓬,1,1,5000
45960,20168,武官手套,1,1,5000
45960,40083,大洞穴移動卷軸,1,1,50000
45960,40197,魔法書(神聖疾走),1,1,5000
45960,40246,精靈水晶(鏡反射),1,1,10000
45960,40274,黑暗精靈水晶(敏捷提升),1,1,10000
45960,40675,黑暗礦石,1,1,10000
45960,40964,黑魔法粉,1,1,50000
45960,40968,修行者經典,1,1,5000
45960,41016,封印的歷史書第6頁,1,1,10000
45960,41028,死亡騎士之印記,1,1,30000
45960,41150,精靈水晶(能量激發),1,1,10000
45960,41243,拉斯塔巴德補給袋,1,1,10000
45961,55,黑暗之劍,1,1,5000
45961,62,武官雙手劍,1,1,5000
45961,158,黑暗 鋼爪,1,1,5000
45961,20020,武官頭盔,1,1,5000
45961,20210,黑暗長靴,1,1,5000
45961,40083,大洞穴移動卷軸,1,1,50000
45961,40205,魔法書(隱身術),1,1,1000
45961,40248,精靈水晶(地面障礙),1,1,10000
45961,40269,黑暗精靈水晶(力量提升),1,1,10000
45961,40675,黑暗礦石,1,1,10000
45961,40964,黑魔法粉,1,1,50000
45961,40968,修行者經典,1,1,5000
45961,41017,封印的歷史書第7頁,1,1,10000
45961,41028,死亡騎士之印記,1,1,10000
45961,41150,精靈水晶(能量激發),1,1,10000
45961,41243,拉斯塔巴德補給袋,1,1,10000
45961,100062,武官雙手劍,1,1,5000
45962,11,水晶短劍,1,1,5000
45962,130,紅水晶魔杖,1,1,1000
45962,132,神官魔杖,1,1,5000
45962,20132,黑暗披肩,1,1,5000
45962,40083,大洞穴移動卷軸,1,1,50000
45962,40166,技術書(尖刺盔甲),1,1,5000
45962,40210,魔法書(雷霆風暴),1,1,5000
45962,40219,魔法書(流星雨),1,1,5000
45962,40223,魔法書(絕對屏障),1,1,1000
45962,40261,精靈水晶(風之疾走),1,1,10000
45962,40264,精靈水晶(風之枷鎖),1,1,10000
45962,40675,黑暗礦石,1,1,10000
45962,40964,黑魔法粉,1,1,50000
45962,40968,修行者經典,1,1,5000
45962,41018,封印的歷史書第8頁,1,1,10000
45962,41028,死亡騎士之印記,1,1,10000
45962,41149,精靈水晶(烈焰之魂),1,1,1000
45962,41150,精靈水晶(能量激發),1,1,10000
45962,41243,拉斯塔巴德補給袋,1,1,10000
45962,49116,龍騎士書板(覺醒：巴拉卡斯),1,1,5000
45962,100132,神官魔杖,1,1,5000
45963,11,水晶短劍,1,1,5000
45963,130,紅水晶魔杖,1,1,1000
45963,20067,神官斗篷,1,1,7000
45963,20233,神官魔法書,1,1,5000
45963,20313,黑暗腰帶,1,1,1000
45963,40083,大洞穴移動卷軸,1,1,50000
45963,40187,魔法書(體魄強健術),1,1,10000
45963,40220,魔法書(終極返生術),1,1,10000
45963,40675,黑暗礦石,1,1,10000
45963,40968,修行者經典,1,1,5000
45963,41028,死亡騎士之印記,1,1,50000
45963,41150,精靈水晶(能量激發),1,1,10000
45963,41243,拉斯塔巴德補給袋,1,1,10000
45964,10,小武士刀,1,1,5000
45964,176,拉斯塔巴德弓,1,1,5000
45964,187,拉斯塔巴德十字弓,1,1,5000
45964,40013,自我加速藥水,1,1,100000
45964,40197,魔法書(神聖疾走),1,1,5000
45964,40266,黑暗精靈水晶(附加劇毒),1,1,10000
45964,40271,黑暗精靈水晶(燃燒鬥志),1,1,10000
45964,40273,黑暗精靈水晶(毒性抵抗),1,1,10000
45964,40444,黑色米索莉原石,1,1,10000
45964,40675,黑暗礦石,1,1,10000
45964,40746,米索莉箭,1,1,10000
45964,40969,黑暗妖精的靈魂水晶,1,1,5000
45964,40989,受詛咒的黑色耳環,1,1,1000
45964,41243,拉斯塔巴德補給袋,1,1,10000
45965,20123,喚獸師長袍,1,1,5000
45965,20228,武官之盾,1,1,5000
45965,40013,自我加速藥水,1,1,100000
45965,40453,喚獸師長鞭,1,1,5000
45965,40490,黑暗元素石,1,1,50000
45965,40675,黑暗礦石,1,1,10000
45965,40969,黑暗妖精的靈魂水晶,1,1,5000
45965,40987,受詛咒的黑色耳環,1,1,1000
45965,41243,拉斯塔巴德補給袋,1,1,10000
45966,101,拉斯塔巴德矛,1,1,5000
45966,20102,拉斯塔巴德皮盔甲,1,1,3000
45966,20224,拉斯塔巴德圓盾,1,1,500
45966,20228,武官之盾,1,1,5000
45966,40013,自我加速藥水,1,1,100000
45966,40267,黑暗精靈水晶(影之防護),1,1,10000
45966,40271,黑暗精靈水晶(燃燒鬥志),1,1,10000
45966,40277,黑暗精靈水晶(暗影之牙),1,1,10000
45966,40444,黑色米索莉原石,1,1,10000
45966,40675,黑暗礦石,1,1,10000
45966,40969,黑暗妖精的靈魂水晶,1,1,5000
45966,40989,受詛咒的黑色耳環,1,1,1000
45966,41243,拉斯塔巴德補給袋,1,1,10000
45966,41244,拉斯塔巴德補給箱,1,1,10000
45967,20032,黑暗頭飾,1,1,5000
45967,20098,黑暗棲林者盔甲,1,1,5000
45967,20196,黑暗棲林者長靴,1,1,5000
45967,40426,黑暗棲林者戒指,1,1,5000
45967,40444,黑色米索莉原石,1,1,10000
45967,40524,黑色血痕,1,1,10000
45967,40675,黑暗礦石,1,1,10000
45967,40969,黑暗妖精的靈魂水晶,1,1,5000
45967,40987,受詛咒的黑色耳環,1,1,1000
45967,41243,拉斯塔巴德補給袋,1,1,10000
45968,101,拉斯塔巴德矛,1,1,5000
45968,20102,拉斯塔巴德皮盔甲,1,1,3000
45968,20224,拉斯塔巴德圓盾,1,1,500
45968,20228,武官之盾,1,1,5000
45968,40013,自我加速藥水,1,1,100000
45968,40267,黑暗精靈水晶(影之防護),1,1,10000
45968,40271,黑暗精靈水晶(燃燒鬥志),1,1,10000
45968,40277,黑暗精靈水晶(暗影之牙),1,1,10000
45968,40444,黑色米索莉原石,1,1,10000
45968,40675,黑暗礦石,1,1,10000
45968,40969,黑暗妖精的靈魂水晶,1,1,5000
45968,40987,受詛咒的黑色耳環,1,1,1000
45968,41243,拉斯塔巴德補給袋,1,1,10000
45968,41244,拉斯塔巴德補給箱,1,1,10000
45969,20121,黑法師長袍,1,1,5000
45969,20132,黑暗披肩,1,1,5000
45969,20208,神官長靴,1,1,5000
45969,40013,自我加速藥水,1,1,100000
45969,40213,魔法書(聖結界),1,1,5000
45969,40444,黑色米索莉原石,1,1,10000
45969,40446,黑法師戒指,1,1,5000
45969,40675,黑暗礦石,1,1,10000
45969,40969,黑暗妖精的靈魂水晶,1,1,5000
45969,40989,受詛咒的黑色耳環,1,1,1000
45969,41243,拉斯塔巴德補給袋,1,1,10000
45970,20121,黑法師長袍,1,1,5000
45970,20132,黑暗披肩,1,1,5000
45970,40444,黑色米索莉原石,1,1,10000
45970,40446,黑法師戒指,1,1,5000
45970,40675,黑暗礦石,1,1,10000
45970,40969,黑暗妖精的靈魂水晶,1,1,5000
45970,40987,受詛咒的黑色耳環,1,1,1000
45970,41243,拉斯塔巴德補給袋,1,1,10000
45971,116,黑法師之杖,1,1,5000
45971,20121,黑法師長袍,1,1,5000
45971,20208,神官長靴,1,1,5000
45971,20257,黑法師項鍊,1,1,100
45971,40013,自我加速藥水,1,1,100000
45971,40444,黑色米索莉原石,1,1,10000
45971,40446,黑法師戒指,1,1,5000
45971,40675,黑暗礦石,1,1,10000
45971,40969,黑暗妖精的靈魂水晶,1,1,5000
45971,40987,受詛咒的黑色耳環,1,1,1000
45971,41243,拉斯塔巴德補給袋,1,1,10000
45972,10,小武士刀,1,1,5000
45972,20104,拉斯塔巴德銀釘皮盔甲,1,1,5000
45972,40013,自我加速藥水,1,1,100000
45972,40193,魔法書(祝福魔法武器),1,1,10000
45972,40219,魔法書(流星雨),1,1,5000
45972,40267,黑暗精靈水晶(影之防護),1,1,10000
45972,40271,黑暗精靈水晶(燃燒鬥志),1,1,10000
45972,40273,黑暗精靈水晶(毒性抵抗),1,1,10000
45972,40274,黑暗精靈水晶(敏捷提升),1,1,10000
45972,40275,黑暗精靈水晶(雙重破壞),1,1,10000
45972,40277,黑暗精靈水晶(暗影之牙),1,1,10000
45972,40444,黑色米索莉原石,1,1,10000
45972,40675,黑暗礦石,1,1,10000
45972,40969,黑暗妖精的靈魂水晶,1,1,5000
45972,40989,受詛咒的黑色耳環,1,1,1000
45972,41243,拉斯塔巴德補給袋,1,1,10000
45973,10,小武士刀,1,1,5000
45973,20104,拉斯塔巴德銀釘皮盔甲,1,1,5000
45973,40013,自我加速藥水,1,1,100000
45973,40193,魔法書(祝福魔法武器),1,1,10000
45973,40219,魔法書(流星雨),1,1,5000
45973,40267,黑暗精靈水晶(影之防護),1,1,10000
45973,40271,黑暗精靈水晶(燃燒鬥志),1,1,10000
45973,40273,黑暗精靈水晶(毒性抵抗),1,1,10000
45973,40274,黑暗精靈水晶(敏捷提升),1,1,10000
45973,40275,黑暗精靈水晶(雙重破壞),1,1,10000
45973,40277,黑暗精靈水晶(暗影之牙),1,1,10000
45973,40444,黑色米索莉原石,1,1,10000
45973,40675,黑暗礦石,1,1,10000
45973,40969,黑暗妖精的靈魂水晶,1,1,5000
45973,40989,受詛咒的黑色耳環,1,1,1000
45973,41243,拉斯塔巴德補給袋,1,1,10000
45974,11,水晶短劍,1,1,5000
45974,38,拉斯塔巴德長劍,1,1,5000
45974,40013,自我加速藥水,1,1,100000
45974,40444,黑色米索莉原石,1,1,10000
45974,40675,黑暗礦石,1,1,10000
45974,40969,黑暗妖精的靈魂水晶,1,1,5000
45974,40987,受詛咒的黑色耳環,1,1,1000
45974,41243,拉斯塔巴德補給袋,1,1,10000
45975,11,水晶短劍,1,1,5000
45975,40444,黑色米索莉原石,1,1,10000
45975,40675,黑暗礦石,1,1,10000
45975,40703,心靈支配石,1,1,10000
45975,40969,黑暗妖精的靈魂水晶,1,1,5000
45975,40987,受詛咒的黑色耳環,1,1,1000
45975,41243,拉斯塔巴德補給袋,1,1,10000
45978,40008,楓木魔杖,1,1,1000
45978,40013,自我加速藥水,1,1,100000
45978,40429,大洞穴卷軸碎片,1,1,50000
45978,40435,深淵之花的花苞,1,1,5000
45978,40436,深淵之花的根,1,1,5000
45978,40437,深淵花枝條,1,1,5000
45978,40746,米索莉箭,1,1,10000
45979,40013,自我加速藥水,1,1,100000
45979,40213,魔法書(聖結界),1,1,1000
45979,40223,魔法書(絕對屏障),1,1,100
45979,40265,黑暗精靈水晶(暗隱術),1,1,10000
45979,40266,黑暗精靈水晶(附加劇毒),1,1,10000
45979,40267,黑暗精靈水晶(影之防護),1,1,10000
45979,40271,黑暗精靈水晶(燃燒鬥志),1,1,10000
45979,40272,黑暗精靈水晶(暗黑盲咒),1,1,10000
45979,40273,黑暗精靈水晶(毒性抵抗),1,1,10000
45979,40275,黑暗精靈水晶(雙重破壞),1,1,10000
45979,40277,黑暗精靈水晶(暗影之牙),1,1,10000
45979,40278,黑暗精靈水晶(會心一擊),1,1,10000
45979,40470,原石碎片,1,1,100000
45983,40013,自我加速藥水,1,1,100000
45983,40238,精靈水晶(魂體轉換),1,1,1000
45983,40429,大洞穴卷軸碎片,1,1,50000
45983,40618,土之氣息,1,1,10000
45983,40675,黑暗礦石,1,1,10000
45984,40013,自我加速藥水,1,1,100000
45984,40238,精靈水晶(魂體轉換),1,1,1000
45984,40429,大洞穴卷軸碎片,1,1,50000
45984,40643,水之氣息,1,1,10000
45984,40675,黑暗礦石,1,1,10000
45984,49111,龍騎士書板(覺醒：法利昂),1,1,10000
45985,40013,自我加速藥水,1,1,100000
45985,40238,精靈水晶(魂體轉換),1,1,1000
45985,40429,大洞穴卷軸碎片,1,1,50000
45985,40651,火之氣息,1,1,10000
45985,40675,黑暗礦石,1,1,10000
45986,40013,自我加速藥水,1,1,100000
45986,40238,精靈水晶(魂體轉換),1,1,1000
45986,40429,大洞穴卷軸碎片,1,1,50000
45986,40645,風之氣息,1,1,10000
45986,40675,黑暗礦石,1,1,10000
45987,40013,自我加速藥水,1,1,100000
45987,40238,精靈水晶(魂體轉換),1,1,1000
45987,40429,大洞穴卷軸碎片,1,1,50000
45987,40675,黑暗礦石,1,1,10000
45987,40676,闇之氣息,1,1,10000
45988,40013,自我加速藥水,1,1,100000
45988,40223,魔法書(絕對屏障),1,1,100
45988,40224,魔法書(靈魂昇華),1,1,100
45988,40265,黑暗精靈水晶(暗隱術),1,1,10000
45988,40266,黑暗精靈水晶(附加劇毒),1,1,10000
45988,40267,黑暗精靈水晶(影之防護),1,1,10000
45988,40271,黑暗精靈水晶(燃燒鬥志),1,1,10000
45988,40272,黑暗精靈水晶(暗黑盲咒),1,1,10000
45988,40273,黑暗精靈水晶(毒性抵抗),1,1,10000
45988,40275,黑暗精靈水晶(雙重破壞),1,1,10000
45988,40277,黑暗精靈水晶(暗影之牙),1,1,10000
45988,40278,黑暗精靈水晶(會心一擊),1,1,10000
45988,40470,原石碎片,1,1,100000
45989,40013,自我加速藥水,1,1,100000
45989,40410,黑暗安特的樹皮,1,1,10000
45989,40411,黑暗安特的水果,1,1,10000
45989,40412,黑暗安特的樹枝,1,1,10000
45989,40444,黑色米索莉原石,1,1,10000
45989,40490,黑暗元素石,1,1,50000
45989,40746,米索莉箭,1,1,10000
45994,20067,神官斗篷,1,1,7000
45994,20233,神官魔法書,1,1,5000
45994,40013,自我加速藥水,1,1,100000
45994,40429,大洞穴卷軸碎片,1,1,50000
45994,40675,黑暗礦石,1,1,10000
45994,40968,修行者經典,1,1,5000
45994,41243,拉斯塔巴德補給袋,1,1,10000
45995,20067,神官斗篷,1,1,7000
45995,20233,神官魔法書,1,1,5000
45995,40013,自我加速藥水,1,1,100000
45995,40429,大洞穴卷軸碎片,1,1,50000
45995,40675,黑暗礦石,1,1,10000
45995,40968,修行者經典,1,1,5000
45995,41243,拉斯塔巴德補給袋,1,1,10000
45998,122,拉斯塔巴德魔杖,1,1,5000
45998,20233,神官魔法書,1,1,5000
45998,40013,自我加速藥水,1,1,100000
45998,40675,黑暗礦石,1,1,10000
45998,40968,修行者經典,1,1,5000
45998,41243,拉斯塔巴德補給袋,1,1,10000
45999,20067,神官斗篷,1,1,7000
45999,20233,神官魔法書,1,1,5000
45999,40013,自我加速藥水,1,1,100000
45999,40444,黑色米索莉原石,1,1,10000
45999,40675,黑暗礦石,1,1,10000
45999,40968,修行者經典,1,1,5000
45999,41243,拉斯塔巴德補給袋,1,1,10000
46000,130,紅水晶魔杖,1,1,1000
46000,20129,神官法袍,1,1,5000
46000,20132,黑暗披肩,1,1,5000
46000,20175,水晶手套,1,1,1000
46000,40013,自我加速藥水,1,1,100000
46000,40202,魔法書(全部治癒術),1,1,10000
46000,40429,大洞穴卷軸碎片,1,1,50000
46000,40524,黑色血痕,1,1,10000
46000,40675,黑暗礦石,1,1,10000
46000,41243,拉斯塔巴德補給袋,1,1,10000
46001,55,黑暗之劍,1,1,5000
46001,20032,黑暗頭飾,1,1,5000
46001,20113,武官護鎧,1,1,5000
46001,40013,自我加速藥水,1,1,100000
46001,40429,大洞穴卷軸碎片,1,1,50000
46001,40675,黑暗礦石,1,1,10000
46001,41243,拉斯塔巴德補給袋,1,1,10000
46002,122,拉斯塔巴德魔杖,1,1,5000
46002,20067,神官斗篷,1,1,7000
46002,20233,神官魔法書,1,1,5000
46002,40013,自我加速藥水,1,1,100000
46002,40429,大洞穴卷軸碎片,1,1,50000
46002,40524,黑色血痕,1,1,10000
46002,40675,黑暗礦石,1,1,10000
46002,40968,修行者經典,1,1,5000
46002,41243,拉斯塔巴德補給袋,1,1,10000
46003,20067,神官斗篷,1,1,7000
46003,20233,神官魔法書,1,1,5000
46003,40013,自我加速藥水,1,1,100000
46003,40429,大洞穴卷軸碎片,1,1,50000
46003,40675,黑暗礦石,1,1,10000
46003,40968,修行者經典,1,1,5000
46003,41243,拉斯塔巴德補給袋,1,1,10000
46004,20067,神官斗篷,1,1,7000
46004,20233,神官魔法書,1,1,5000
46004,40013,自我加速藥水,1,1,100000
46004,40429,大洞穴卷軸碎片,1,1,50000
46004,40675,黑暗礦石,1,1,10000
46004,40968,修行者經典,1,1,5000
46004,41243,拉斯塔巴德補給袋,1,1,10000
46006,62,武官雙手劍,1,1,5000
46006,20168,武官手套,1,1,5000
46006,20201,武官長靴,1,1,5000
46006,20313,黑暗腰帶,1,1,1000
46006,40013,自我加速藥水,1,1,100000
46006,40638,魔獸軍團印記,1,1,10000
46006,40639,魔獸軍王印記盒,1,1,10000
46006,40675,黑暗礦石,1,1,10000
46006,40703,心靈支配石,1,1,10000
46007,132,神官魔杖,1,1,5000
46007,20103,拉斯塔巴德長袍,1,1,5000
46007,20233,神官魔法書,1,1,5000
46007,40013,自我加速藥水,1,1,100000
46007,40202,魔法書(全部治癒術),1,1,10000
46007,40429,大洞穴卷軸碎片,1,1,50000
46007,40675,黑暗礦石,1,1,10000
46007,40968,修行者經典,1,1,5000
46007,41243,拉斯塔巴德補給袋,1,1,10000
46008,130,紅水晶魔杖,1,1,1000
46008,20176,神官手套,1,1,5000
46008,40013,自我加速藥水,1,1,100000
46008,40209,魔法書(魔法封印),1,1,10000
46008,40429,大洞穴卷軸碎片,1,1,50000
46008,40675,黑暗礦石,1,1,10000
46008,41243,拉斯塔巴德補給袋,1,1,10000
46009,40,血色巨劍,1,1,5000
46009,49,武官之刃,1,1,5000
46009,20201,武官長靴,1,1,5000
46009,40013,自我加速藥水,1,1,100000
46009,40675,黑暗礦石,1,1,10000
46009,41243,拉斯塔巴德補給袋,1,1,10000
46010,49,武官之刃,1,1,5000
46010,55,黑暗之劍,1,1,5000
46010,20032,黑暗頭飾,1,1,5000
46010,20113,武官護鎧,1,1,5000
46010,20128,水晶盔甲,1,1,3000
46010,40013,自我加速藥水,1,1,100000
46010,40429,大洞穴卷軸碎片,1,1,50000
46010,40675,黑暗礦石,1,1,10000
46010,41243,拉斯塔巴德補給袋,1,1,10000
46012,40,血色巨劍,1,1,5000
46012,20030,神官頭飾,1,1,5000
46012,40013,自我加速藥水,1,1,100000
46012,40429,大洞穴卷軸碎片,1,1,50000
46012,40640,冥法軍王印記盒,1,1,10000
46012,40642,冥法軍團印記,1,1,10000
46012,40675,黑暗礦石,1,1,10000
46012,41243,拉斯塔巴德補給袋,1,1,10000
46013,70,尖刺雙刀,1,1,5000
46013,41243,拉斯塔巴德補給袋,1,1,10000
46014,49,武官之刃,1,1,5000
46014,20032,黑暗頭飾,1,1,5000
46014,20103,拉斯塔巴德長袍,1,1,5000
46014,40013,自我加速藥水,1,1,100000
46014,40209,魔法書(魔法封印),1,1,10000
46014,40640,冥法軍王印記盒,1,1,10000
46014,40642,冥法軍團印記,1,1,10000
46014,40675,黑暗礦石,1,1,10000
46014,40853,大洞穴移動卷軸,1,1,50000
46014,41243,拉斯塔巴德補給袋,1,1,10000
46015,40011,強力治癒藥水,1,1,50000
46015,40016,慎重藥水,1,1,50000
46015,40020,濃縮強力體力恢復劑,1,1,300000
46015,40087,對武器施法的卷軸,1,1,10000
46015,40089,復活卷軸,1,1,50000
46016,40012,終極治癒藥水,1,1,50000
46016,40013,自我加速藥水,1,1,50000
46016,40014,勇敢藥水,1,1,50000
46016,40018,強化 綠色藥水,1,1,50000
46016,40074,對盔甲施法的卷軸,1,1,10000
46016,40087,對武器施法的卷軸,1,1,10000
46016,49164,間諜報告書,1,1,10000
46016,140074,對盔甲施法的卷軸,1,1,5000
46017,40013,自我加速藥水,1,1,50000
46017,40017,翡翠藥水,1,1,50000
46017,40020,濃縮強力體力恢復劑,1,6,300000
46017,40483,金屬蜈蚣的皮,1,1,10000
46017,40484,金屬蜈蚣的毒液,1,1,10000
46017,40485,金屬蜈蚣的牙,1,1,10000
46018,116,黑法師之杖,1,1,5000
46018,20121,黑法師長袍,1,1,5000
46018,20257,黑法師項鍊,1,1,100
46018,40012,終極治癒藥水,1,1,50000
46018,40013,自我加速藥水,1,1,50000
46018,40014,勇敢藥水,1,1,50000
46018,40016,慎重藥水,1,1,100000
46018,40017,翡翠藥水,1,1,50000
46018,40279,黑暗精靈水晶(閃避提升),1,1,10000
46018,40446,黑法師戒指,1,1,5000
46018,40490,黑暗元素石,1,1,50000
46018,49133,記憶水晶(恐慌),1,1,300
46020,49026,古老的金幣,1,1,100000
46020,49028,塔洛斯的紅寶石,1,1,100000
46021,40087,對武器施法的卷軸,1,1,5000
46021,41139,不起眼的古老項練,1,1,1000
46021,49026,古老的金幣,1,1,100000
46021,49132,記憶水晶(洞察),1,1,1200
46022,49026,古老的金幣,1,1,100000
46022,49030,塔洛斯的綠寶石,1,1,100000
46023,49026,古老的金幣,1,1,100000
46023,49029,塔洛斯的藍寶石,1,1,100000
46024,40074,對盔甲施法的卷軸,1,1,5000
46024,49026,古老的金幣,1,1,100000
46024,49028,塔洛斯的紅寶石,1,1,100000
46024,49029,塔洛斯的藍寶石,1,1,100000
46024,49030,塔洛斯的綠寶石,1,1,100000
46025,49027,塔洛斯的鑽石,1,1,10000
46026,40074,對盔甲施法的卷軸,1,1,5000
46026,40087,對武器施法的卷軸,1,1,5000
46026,49026,古老的金幣,1,1,100000
46026,140074,對盔甲施法的卷軸,1,1,5000
46026,140087,對武器施法的卷軸,1,1,5000
46027,41110,遺物袋,1,1,100000
46027,41158,瑪雅的水晶球,1,1,1000
46028,41110,遺物袋,1,1,100000
46028,41158,瑪雅的水晶球,1,1,1000
46029,41110,遺物袋,1,1,100000
46029,41158,瑪雅的水晶球,1,1,1000
46030,41110,遺物袋,1,1,100000
46030,41158,瑪雅的水晶球,1,1,1000
46031,41111,破舊的遺物袋,1,1,100000
46031,41158,瑪雅的水晶球,1,1,1000
46033,41110,遺物袋,1,1,100000
46033,41158,瑪雅的水晶球,1,1,1000
46034,41158,瑪雅的水晶球,1,1,1000
46035,40013,自我加速藥水,1,1,100000
46035,41112,舊遺物袋,1,1,300000
46035,41158,瑪雅的水晶球,1,1,1000
46035,49114,龍騎士書板(驚悚死神),1,1,1000
46035,140074,對盔甲施法的卷軸,1,1,5000
46035,140087,對武器施法的卷軸,1,1,5000
46035,140089,復活卷軸,1,1,100000
46036,41110,遺物袋,1,1,300000
46036,41112,舊遺物袋,1,1,300000
46036,41158,瑪雅的水晶球,1,1,50000
46036,140089,復活卷軸,1,1,100000
46036,240074,對盔甲施法的卷軸,1,1,5000
46036,240087,對武器施法的卷軸,1,1,5000
46037,40202,魔法書(全部治癒術),1,1,10000
46037,40205,魔法書(隱身術),1,1,100
46037,40242,精靈水晶(魔法消除),1,1,10000
46037,40248,精靈水晶(地面障礙),1,1,10000
46037,40250,精靈水晶(大地的祝福),1,1,10000
46037,40251,精靈水晶(鋼鐵防護),1,1,10000
46037,40252,精靈水晶(體能激發),1,1,10000
46037,40261,精靈水晶(風之疾走),1,1,10000
46037,41112,舊遺物袋,1,1,300000
46037,41158,瑪雅的水晶球,1,1,300000
46037,140074,對盔甲施法的卷軸,1,1,5000
46037,140087,對武器施法的卷軸,1,1,5000
46037,140089,復活卷軸,1,1,100000
46041,41422,失去光明的靈魂,1,1,1000000
46047,40014,勇敢藥水,1,1,100000
46047,40016,慎重藥水,1,1,100000
46047,40074,對盔甲施法的卷軸,1,1,20000
46047,40087,對武器施法的卷軸,1,1,20000
46047,40119,解除咀咒的卷軸,1,1,200000
46047,40219,魔法書(流星雨),1,1,5000
46047,40266,黑暗精靈水晶(附加劇毒),1,1,20000
46047,40271,黑暗精靈水晶(燃燒鬥志),1,1,20000
46047,40273,黑暗精靈水晶(毒性抵抗),1,1,50000
46047,40274,黑暗精靈水晶(敏捷提升),1,1,6000
46047,40275,黑暗精靈水晶(雙重破壞),1,1,6000
46047,40277,黑暗精靈水晶(暗影之牙),1,1,20000
46047,40308,金幣,50,400,800000
46047,41000,黑暗妖精將軍的徽章,1,1,20000
46047,49160,丹特斯的召書,1,1,100000
46053,40306,伊娃之石,1,1,10000
46053,40308,金幣,50000,300000,800000
46053,41207,船員遺體,1,1,30000
46053,240074,對盔甲施法的卷軸,1,1,2000
46053,240087,對武器施法的卷軸,1,1,2000
46054,40041,人魚之鱗,1,1,10000
46054,40044,鑽石,1,1,10000
46054,40074,對盔甲施法的卷軸,1,1,10000
46054,40255,精靈水晶(生命的祝福),1,1,1000
46054,40306,伊娃之石,1,1,10000
46054,40308,金幣,50000,300000,800000
46054,41045,航海日誌第8頁,1,1,10000
46054,41207,船員遺體,1,1,30000
46054,49047,蟹肉,1,1,0
46055,20411,苦痛項鍊,1,1,1000
46055,40044,鑽石,1,1,10000
46055,40305,帕格里奧之石,1,1,10000
46055,40308,金幣,50000,300000,800000
46055,41038,航海日誌第1頁,1,1,10000
46055,41039,航海日誌第2頁,1,1,10000
46055,41154,暗之鱗,1,1,1000
46055,41207,船員遺體,1,1,30000
46060,20228,武官之盾,1,1,5000
46060,20313,黑暗腰帶,1,1,1000
46060,40013,自我加速藥水,1,1,100000
46060,40675,黑暗礦石,1,1,10000
46060,40703,心靈支配石,1,1,10000
46060,40967,聖地遺物,1,1,10000
46060,41029,召喚球之核,1,1,10000
46060,41030,召喚球碎片,1,1,5000
46060,49135,記憶水晶(幻覺：化身),1,1,800
46061,10,小武士刀,1,1,5000
46061,55,黑暗之劍,1,1,5000
46061,188,拉斯塔巴德重十字弓,1,1,5000
46061,20067,神官斗篷,1,1,7000
46061,40429,大洞穴卷軸碎片,1,1,50000
46061,40675,黑暗礦石,1,1,10000
46061,40703,心靈支配石,1,1,10000
46061,40967,聖地遺物,1,1,10000
46061,41029,召喚球之核,1,1,10000
46061,41030,召喚球碎片,1,1,5000
46062,40675,黑暗礦石,1,1,10000
46062,40703,心靈支配石,1,1,10000
46062,40967,聖地遺物,1,1,10000
46062,40969,黑暗妖精的靈魂水晶,1,1,5000
46062,40988,受詛咒的黑色耳環,1,1,1000
46062,41029,召喚球之核,1,1,10000
46062,41030,召喚球碎片,1,1,5000
46062,41243,拉斯塔巴德補給袋,1,1,10000
46063,40675,黑暗礦石,1,1,10000
46063,40703,心靈支配石,1,1,10000
46063,40967,聖地遺物,1,1,10000
46063,40969,黑暗妖精的靈魂水晶,1,1,5000
46063,40989,受詛咒的黑色耳環,1,1,1000
46063,41029,召喚球之核,1,1,10000
46063,41030,召喚球碎片,1,1,5000
46063,41243,拉斯塔巴德補給袋,1,1,10000
46064,40675,黑暗礦石,1,1,10000
46064,40703,心靈支配石,1,1,10000
46064,40967,聖地遺物,1,1,10000
46064,40969,黑暗妖精的靈魂水晶,1,1,5000
46064,40987,受詛咒的黑色耳環,1,1,1000
46064,41029,召喚球之核,1,1,10000
46064,41030,召喚球碎片,1,1,5000
46064,41243,拉斯塔巴德補給袋,1,1,10000
46065,40675,黑暗礦石,1,1,10000
46065,40703,心靈支配石,1,1,10000
46065,40967,聖地遺物,1,1,10000
46065,41029,召喚球之核,1,1,10000
46065,41030,召喚球碎片,1,1,5000
46065,41153,精靈水晶(精準射擊),1,1,5000
46065,49126,記憶水晶(立方：地裂),1,1,4000
46066,40675,黑暗礦石,1,1,10000
46066,40703,心靈支配石,1,1,10000
46066,40967,聖地遺物,1,1,10000
46066,41029,召喚球之核,1,1,10000
46066,41030,召喚球碎片,1,1,5000
46067,40199,魔法書(強力加速術),1,1,10000
46067,40675,黑暗礦石,1,1,10000
46067,40703,心靈支配石,1,1,10000
46067,40967,聖地遺物,1,1,10000
46067,41029,召喚球之核,1,1,10000
46067,41030,召喚球碎片,1,1,5000
46067,41153,精靈水晶(精準射擊),1,1,5000
46068,40079,傳送回家的卷軸,1,1,100000
46068,40088,變形卷軸,1,1,200000
46069,40016,慎重藥水,1,1,200000
46069,41206,少了刀刃的武器,1,1,30000
46071,40015,藍色藥水,1,1,30000
46071,40016,慎重藥水,1,1,30000
46071,40443,黑色米索莉,1,1,30000
46071,40718,血石碎片,1,1,10000
46071,41206,少了刀刃的武器,1,1,30000
46073,40014,勇敢藥水,1,1,30000
46073,40016,慎重藥水,1,1,30000
46073,40443,黑色米索莉,1,1,30000
46073,40718,血石碎片,1,1,10000
46073,41206,少了刀刃的武器,1,1,30000
46074,40443,黑色米索莉,1,1,30000
46074,41206,少了刀刃的武器,1,1,30000
46075,40014,勇敢藥水,1,1,30000
46075,41206,少了刀刃的武器,1,1,30000
46076,40015,藍色藥水,1,1,30000
46076,40016,慎重藥水,1,1,30000
46076,40443,黑色米索莉,1,1,30000
46076,41206,少了刀刃的武器,1,1,30000
46077,41206,少了刀刃的武器,1,1,30000
46078,40014,勇敢藥水,1,1,30000
46078,40015,藍色藥水,1,1,200000
46078,40016,慎重藥水,1,1,200000
46078,40444,黑色米索莉原石,1,1,30000
46078,41206,少了刀刃的武器,1,1,30000
46079,40014,勇敢藥水,1,1,200000
46079,40015,藍色藥水,1,1,200000
46079,41206,少了刀刃的武器,1,1,30000
46080,40444,黑色米索莉原石,1,1,30000
46080,41206,少了刀刃的武器,1,1,30000
46081,40718,血石碎片,1,1,10000
46081,41206,少了刀刃的武器,1,1,30000
46091,40718,血石碎片,1,1,10000
46091,41206,少了刀刃的武器,1,1,30000
46092,40014,勇敢藥水,1,1,200000
46092,40015,藍色藥水,1,1,200000
46092,40444,黑色米索莉原石,1,1,30000
46092,40678,靈魂石碎片,1,1,20000
46092,41206,少了刀刃的武器,1,1,30000
46093,40015,藍色藥水,1,1,200000
46093,41206,少了刀刃的武器,1,1,30000
46094,40014,勇敢藥水,1,1,200000
46094,40015,藍色藥水,1,1,200000
46094,40016,慎重藥水,1,1,200000
46094,40443,黑色米索莉,1,1,30000
46094,40444,黑色米索莉原石,1,1,30000
46094,41206,少了刀刃的武器,1,1,30000
46095,40015,藍色藥水,1,1,200000
46095,40444,黑色米索莉原石,1,1,30000
46095,41206,少了刀刃的武器,1,1,30000
46096,40015,藍色藥水,1,1,200000
46096,40444,黑色米索莉原石,1,1,30000
46096,41206,少了刀刃的武器,1,1,30000
46097,40015,藍色藥水,1,1,200000
46097,40016,慎重藥水,1,1,200000
46097,40678,靈魂石碎片,1,1,10000
46097,41206,少了刀刃的武器,1,1,30000
46098,40015,藍色藥水,1,1,200000
46098,40016,慎重藥水,1,1,200000
46098,40678,靈魂石碎片,1,1,10000
46098,41206,少了刀刃的武器,1,1,30000
46099,40015,藍色藥水,1,1,200000
46099,40016,慎重藥水,1,1,200000
46099,40678,靈魂石碎片,1,1,10000
46099,41206,少了刀刃的武器,1,1,30000
46100,40015,藍色藥水,1,1,200000
46100,40016,慎重藥水,1,1,200000
46100,40678,靈魂石碎片,1,1,10000
46100,41206,少了刀刃的武器,1,1,30000
46101,40015,藍色藥水,1,1,200000
46101,40016,慎重藥水,1,1,200000
46101,40678,靈魂石碎片,1,1,10000
46101,41206,少了刀刃的武器,1,1,30000
46102,40015,藍色藥水,1,1,200000
46102,40016,慎重藥水,1,1,200000
46102,40678,靈魂石碎片,1,1,10000
46102,41206,少了刀刃的武器,1,1,30000
46103,40015,藍色藥水,1,1,200000
46103,40016,慎重藥水,1,1,200000
46103,40678,靈魂石碎片,1,1,10000
46103,41206,少了刀刃的武器,1,1,30000
46104,40015,藍色藥水,1,1,200000
46104,40016,慎重藥水,1,1,200000
46104,40678,靈魂石碎片,1,1,10000
46104,41206,少了刀刃的武器,1,1,30000
46105,40015,藍色藥水,1,1,200000
46105,40016,慎重藥水,1,1,200000
46105,40678,靈魂石碎片,1,1,10000
46105,41206,少了刀刃的武器,1,1,30000
46106,40015,藍色藥水,1,1,200000
46106,40524,黑色血痕,1,1,30000
46106,40678,靈魂石碎片,1,1,10000
46106,41206,少了刀刃的武器,1,1,30000
46107,40020,濃縮強力體力恢復劑,1,1,100000
46107,40304,馬普勒之石,1,1,10000
46107,49093,歐西里斯初級寶箱碎片(上),1,1,50000
46107,49101,時空裂痕碎片,3,3,150000
46107,49111,龍騎士書板(覺醒：法利昂),1,1,5000
46108,40020,濃縮強力體力恢復劑,1,1,100000
46108,40304,馬普勒之石,1,1,10000
46108,49094,歐西里斯初級寶箱碎片(下),1,1,20000
46108,49101,時空裂痕碎片,3,3,50000
46108,49111,龍騎士書板(覺醒：法利昂),1,1,5000
46109,40020,濃縮強力體力恢復劑,1,1,100000
46109,40304,馬普勒之石,1,1,10000
46109,49093,歐西里斯初級寶箱碎片(上),1,1,50000
46109,49101,時空裂痕碎片,3,3,150000
46110,40020,濃縮強力體力恢復劑,1,1,100000
46110,40304,馬普勒之石,1,1,10000
46110,49094,歐西里斯初級寶箱碎片(下),1,1,20000
46110,49101,時空裂痕碎片,3,3,150000
46111,40020,濃縮強力體力恢復劑,1,1,100000
46111,40304,馬普勒之石,1,1,10000
46111,49093,歐西里斯初級寶箱碎片(上),1,1,50000
46111,49101,時空裂痕碎片,3,3,150000
46111,49106,龍騎士書板(覺醒：安塔瑞斯),1,1,5000
46112,40020,濃縮強力體力恢復劑,1,1,100000
46112,40304,馬普勒之石,1,1,10000
46112,49094,歐西里斯初級寶箱碎片(下),1,1,10000
46112,49101,時空裂痕碎片,3,3,150000
46112,49106,龍騎士書板(覺醒：安塔瑞斯),1,1,5000
46113,40020,濃縮強力體力恢復劑,1,1,100000
46113,40304,馬普勒之石,1,1,10000
46113,49093,歐西里斯初級寶箱碎片(上),1,1,50000
46113,49101,時空裂痕碎片,3,3,150000
46113,49126,記憶水晶(立方：地裂),1,1,2000
46114,40020,濃縮強力體力恢復劑,1,1,100000
46114,40304,馬普勒之石,1,1,10000
46114,49094,歐西里斯初級寶箱碎片(下),1,1,10000
46114,49101,時空裂痕碎片,3,3,150000
46114,49126,記憶水晶(立方：地裂),1,1,2000
46115,40020,濃縮強力體力恢復劑,1,1,100000
46115,40304,馬普勒之石,1,1,10000
46115,49093,歐西里斯初級寶箱碎片(上),1,1,20000
46115,49101,時空裂痕碎片,3,3,150000
46115,49110,龍騎士書板(衝擊之膚),1,1,500
46116,40020,濃縮強力體力恢復劑,1,1,100000
46116,40304,馬普勒之石,1,1,10000
46116,49094,歐西里斯初級寶箱碎片(下),1,1,20000
46116,49101,時空裂痕碎片,3,3,150000
46116,49110,龍騎士書板(衝擊之膚),1,1,500
46117,40021,濃縮終極體力恢復劑,1,1,100000
46117,40304,馬普勒之石,1,1,10000
46117,49097,歐西里斯高級寶箱碎片(上),1,1,50000
46117,49101,時空裂痕碎片,3,3,150000
46117,49242,底比斯歐西里斯祭壇鑰匙,1,1,20000
46118,40021,濃縮終極體力恢復劑,1,1,100000
46118,40304,馬普勒之石,1,1,10000
46118,49098,歐西里斯高級寶箱碎片(下),1,1,10000
46118,49101,時空裂痕碎片,3,3,150000
46118,49242,底比斯歐西里斯祭壇鑰匙,1,1,20000
46119,40021,濃縮終極體力恢復劑,1,1,100000
46119,40304,馬普勒之石,1,1,10000
46119,49097,歐西里斯高級寶箱碎片(上),1,1,50000
46119,49101,時空裂痕碎片,3,3,150000
46119,49242,底比斯歐西里斯祭壇鑰匙,1,1,20000
46120,40021,濃縮終極體力恢復劑,1,1,100000
46120,40304,馬普勒之石,1,1,10000
46120,49098,歐西里斯高級寶箱碎片(下),1,1,10000
46120,49101,時空裂痕碎片,3,3,150000
46120,49242,底比斯歐西里斯祭壇鑰匙,1,1,20000
46121,40021,濃縮終極體力恢復劑,1,1,100000
46121,40304,馬普勒之石,1,1,10000
46121,49097,歐西里斯高級寶箱碎片(上),1,1,50000
46121,49101,時空裂痕碎片,3,3,150000
46121,49113,龍騎士書板(奪命之雷),1,1,3000
46121,49242,底比斯歐西里斯祭壇鑰匙,1,1,20000
46122,40021,濃縮終極體力恢復劑,1,1,100000
46122,40304,馬普勒之石,1,1,10000
46122,49098,歐西里斯高級寶箱碎片(下),1,1,10000
46122,49101,時空裂痕碎片,3,3,150000
46122,49113,龍騎士書板(奪命之雷),1,1,3000
46122,49242,底比斯歐西里斯祭壇鑰匙,1,1,20000
46123,21093,底比斯賀洛斯戒指,1,1,1000
46123,21095,底比斯歐西里斯腰帶,1,1,1000
46123,40074,對盔甲施法的卷軸,1,1,1000000
46123,40087,對武器施法的卷軸,1,1,1000000
46123,49099,上鎖的歐西里斯高級寶箱,1,1,1000000
46123,140074,對盔甲施法的卷軸,1,1,500000
46123,140087,對武器施法的卷軸,1,1,500000
46123,140100,瞬間移動卷軸,1,1,500000
46124,21094,底比斯阿努比斯戒指,1,1,1000
46124,21095,底比斯歐西里斯腰帶,1,1,1000
46124,40074,對盔甲施法的卷軸,1,1,1000000
46124,40087,對武器施法的卷軸,1,1,1000000
46124,49099,上鎖的歐西里斯高級寶箱,1,1,1000000
46124,49123,記憶水晶(心靈破壞),1,1,30000
46124,140074,對盔甲施法的卷軸,1,1,500000
46124,140087,對武器施法的卷軸,1,1,500000
46124,140100,瞬間移動卷軸,1,1,500000
46125,40308,金幣,80,150,1000000
46125,49130,記憶水晶(幻覺：鑽石高崙),1,1,1200
46126,40308,金幣,50,120,1000000
46127,40308,金幣,50,120,1000000
46128,40308,金幣,50,120,1000000
46129,20174,雪人手套,1,1,1000
46130,40014,勇敢藥水,1,1,100000
46130,40018,強化 綠色藥水,1,1,100000
46130,40020,濃縮強力體力恢復劑,1,3,50000
46130,40308,金幣,50,120,1000000
46131,40175,魔法書(魔法屏障),1,1,50000
46131,40192,魔法書(弱化術),1,1,50000
46131,40308,金幣,80,150,1000000
46132,40015,藍色藥水,1,1,50000
46132,40016,慎重藥水,1,1,100000
46132,40184,魔法書(魔力奪取),1,1,10000
46132,40185,魔法書(黑闇之影),1,1,50000
46132,40308,金幣,50,130,1000000
46133,40007,烏木魔杖,1,1,30000
46133,40183,魔法書(冰錐),1,1,50000
46133,40195,魔法書(冰矛圍籬),1,1,1000
46133,40236,精靈水晶(屬性防禦),1,1,10000
46133,40254,精靈水晶(生命之泉),1,1,10000
46133,49130,記憶水晶(幻覺：鑽石高崙),1,1,800
46134,40021,濃縮終極體力恢復劑,1,3,50000
46134,40089,復活卷軸,1,1,50000
46134,40308,金幣,80,150,1000000
46135,142,銀斧,1,1,20000
46135,40014,勇敢藥水,1,1,50000
46135,40021,濃縮終極體力恢復劑,1,3,50000
46135,40087,對武器施法的卷軸,1,1,5000
46135,40308,金幣,80,150,1000000
46135,49135,記憶水晶(幻覺：化身),1,1,5000
46136,40308,金幣,80,150,1000000
46137,148,巨斧,1,1,5000
46137,20128,水晶盔甲,1,1,1000
46137,21081,冰之女王的耳環 Lv.0,1,1,10000
46137,40006,松木魔杖,1,1,500
46137,40014,勇敢藥水,1,1,50000
46137,40087,對武器施法的卷軸,1,1,10000
46137,40308,金幣,80,150,1000000
46137,49135,記憶水晶(幻覺：化身),1,1,10000
46138,40021,濃縮終極體力恢復劑,1,2,50000
46138,40068,精靈餅乾,1,1,50000
46138,40074,對盔甲施法的卷軸,1,1,5000
46138,40089,復活卷軸,1,1,100000
46138,40308,金幣,80,150,1000000
46139,20175,水晶手套,1,1,1000
46139,21081,冰之女王的耳環 Lv.0,1,1,1000
46139,40006,松木魔杖,1,1,50
46139,40068,精靈餅乾,1,1,10000
46139,40074,對盔甲施法的卷軸,1,1,5000
46139,40308,金幣,80,150,1000000
46139,140100,瞬間移動卷軸,1,1,50000
46140,40015,藍色藥水,1,1,100000
46140,40016,慎重藥水,1,1,300000
46140,40021,濃縮終極體力恢復劑,1,3,100000
46140,40074,對盔甲施法的卷軸,1,1,50000
46140,40087,對武器施法的卷軸,1,1,10000
46140,40088,變形卷軸,1,1,100000
46140,40214,魔法書(集體傳送術),1,1,5000
46140,40308,金幣,150,450,1000000
46140,49115,龍騎士書板(寒冰噴吐),1,1,5000
46141,11,水晶短劍,1,1,5000
46141,41,武士刀,1,1,1000
46141,52,雙手劍,1,1,1000
46141,111,失去魔力的冰之女王魔杖,1,1,1000
46141,20059,水屬性 斗蓬,1,1,1000
46141,20110,抗魔法鏈甲,1,1,30000
46141,20134,冰之女王魅力禮服,1,1,1000
46141,20154,金屬盔甲,1,1,5000
46141,20172,水靈手套,1,1,10000
46141,20211,冰之女王魅力涼鞋,1,1,1000
46141,21081,冰之女王的耳環 Lv.0,1,1,50000
46141,21291,冰之女王魅力頭飾,1,1,1000
46141,40044,鑽石,1,1,300000
46141,40048,品質鑽石,1,1,300000
46141,40074,對盔甲施法的卷軸,1,1,300000
46141,40087,對武器施法的卷軸,1,1,300000
46141,40089,復活卷軸,1,1,300000
46141,40094,空的魔法卷軸(等級5),1,1,300000
46141,40185,魔法書(黑闇之影),1,1,50000
46141,40196,魔法書(召喚術),1,1,10000
46141,40205,魔法書(隱身術),1,1,1000
46141,40209,魔法書(魔法封印),1,1,10000
46141,40214,魔法書(集體傳送術),1,1,50000
46141,40225,魔法書(冰雪颶風),1,1,10000
46141,40253,精靈水晶(水之元氣),1,1,50000
46141,40255,精靈水晶(生命的祝福),1,1,5000
46141,40261,精靈水晶(風之疾走),1,1,300000
46141,40306,伊娃之石,1,1,10000
46141,40308,金幣,10000,20000,1000000
46141,49031,冰之水晶,1,1,20000
46141,49033,冰之女王的袋子,5,10,1000000
46141,140074,對盔甲施法的卷軸,1,1,100000
46141,140087,對武器施法的卷軸,1,1,100000
46141,200052,雙手劍,1,1,1000
46142,2,骰子匕首,1,1,1000
46142,11,水晶短劍,1,1,5000
46142,16,復仇之劍,1,1,1000
46142,41,武士刀,1,1,1000
46142,52,雙手劍,1,1,1000
46142,108,失去魔力的惡魔鐮刀,1,1,1000
46142,166,恨之鋼爪,1,1,300
46142,701,寒冰奇古獸,1,1,10000
46142,702,寒冰鎖鏈劍,1,1,10000
46142,20009,惡魔頭盔,1,1,1000
46142,20099,惡魔盔甲,1,1,1000
46142,20128,水晶盔甲,1,1,5000
46142,20154,金屬盔甲,1,1,50000
46142,20172,水靈手套,1,1,10000
46142,20197,惡魔長靴,1,1,1000
46142,21081,冰之女王的耳環 Lv.0,1,1,20000
46142,40006,松木魔杖,1,1,500
46142,40018,強化 綠色藥水,1,1,300000
46142,40048,品質鑽石,1,1,300000
46142,40053,高品質紅寶石,1,1,300000
46142,40089,復活卷軸,1,1,300000
46142,40093,空的魔法卷軸(等級4),1,1,300000
46142,40164,技術書(衝擊之暈),1,1,50000
46142,40210,魔法書(雷霆風暴),1,1,50000
46142,40215,魔法書(火風暴),1,1,50000
46142,40219,魔法書(流星雨),1,1,1000
46142,40308,金幣,8000,18000,1000000
46142,40524,黑色血痕,1,1,10000
46142,49031,冰之水晶,1,1,10000
46142,49032,冰魔的袋子,4,8,1000000
46142,49123,記憶水晶(心靈破壞),1,1,50000
46142,140089,復活卷軸,1,1,300000
46143,40308,金幣,80,150,1000000
46144,40021,濃縮終極體力恢復劑,1,2,50000
46144,40068,精靈餅乾,1,1,50000
46144,40074,對盔甲施法的卷軸,1,1,5000
46144,40089,復活卷軸,1,1,100000
46144,40308,金幣,80,150,1000000
46145,40021,濃縮終極體力恢復劑,1,2,50000
46145,40068,精靈餅乾,1,1,50000
46145,40074,對盔甲施法的卷軸,1,1,5000
46145,40089,復活卷軸,1,1,100000
46145,40308,金幣,80,150,1000000
46146,40021,濃縮終極體力恢復劑,1,2,50000
46146,40068,精靈餅乾,1,1,50000
46146,40074,對盔甲施法的卷軸,1,1,5000
46146,40089,復活卷軸,1,1,100000
46146,40308,金幣,80,150,1000000
46147,40021,濃縮終極體力恢復劑,1,2,50000
46147,40068,精靈餅乾,1,1,50000
46147,40074,對盔甲施法的卷軸,1,1,5000
46147,40089,復活卷軸,1,1,100000
46147,40308,金幣,80,150,1000000
46148,40021,濃縮終極體力恢復劑,1,2,50000
46148,40068,精靈餅乾,1,1,50000
46148,40074,對盔甲施法的卷軸,1,1,5000
46148,40089,復活卷軸,1,1,100000
46148,40308,金幣,80,150,1000000
46149,40308,金幣,80,150,1000000
46150,40308,金幣,80,150,1000000
46151,40308,金幣,80,150,1000000
46152,40308,金幣,80,150,1000000
46153,40014,勇敢藥水,1,1,50000
46153,40018,強化 綠色藥水,1,1,100000
46153,40020,濃縮強力體力恢復劑,1,3,50000
46153,40308,金幣,50,130,1000000
46153,140100,瞬間移動卷軸,1,1,10000
46154,40021,濃縮終極體力恢復劑,1,1,50000
46154,40308,金幣,80,150,1000000
46155,40018,強化 綠色藥水,1,1,100000
46155,40090,空的魔法卷軸(等級1),1,1,300000
46155,40253,精靈水晶(水之元氣),1,1,50000
46155,40308,金幣,80,150,1000000
46155,140100,瞬間移動卷軸,1,1,50000
46157,49217,妖魔搜索文件(妖魔森林),1,1,1000000
46158,49218,妖魔搜索文件(古魯丁),1,1,1000000
46159,49219,妖魔搜索文件(風木),1,1,1000000
46161,49221,妖魔密使首領間諜書,1,1,1000000
46162,49187,艾爾摩將軍之心,1,1,1000000
46163,49190,封印的索夏依卡遺物,1,1,1000000
46168,40031,惡魔之血,1,1,1000000
46168,40079,傳送回家的卷軸,1,1,100000
46168,40088,變形卷軸,1,1,100000
46168,40090,空的魔法卷軸(等級1),1,1,50000
46168,40091,空的魔法卷軸(等級2),1,1,50000
46168,40092,空的魔法卷軸(等級3),1,1,50000
46168,40100,瞬間移動卷軸,1,1,100000
46168,40126,鑑定卷軸,1,1,100000
46168,40308,金幣,1800,7200,1000000
46168,50564,魔物的氣息,1,1,50000
46169,85,惡魔雙刀,1,1,1000
46169,20165,惡魔手套,1,1,8000
46169,20197,惡魔長靴,1,1,8000
46169,40031,惡魔之血,1,1,1000000
46169,40074,對盔甲施法的卷軸,1,1,32000
46169,40087,對武器施法的卷軸,1,1,9000
46169,40178,魔法書(木乃伊的詛咒),1,1,6000
46169,40223,魔法書(絕對屏障),1,1,1000
46169,40224,魔法書(靈魂昇華),1,1,1000
46169,40238,精靈水晶(魂體轉換),1,1,13000
46169,40308,金幣,1800,7200,1000000
46169,41153,精靈水晶(精準射擊),1,1,8000
46169,50564,魔物的氣息,1,1,50000
46170,142,銀斧,1,1,1000
46170,145,狂戰士斧,1,1,10000
46170,148,巨斧,1,1,10000
46170,20032,黑暗頭飾,1,1,1000
46170,40007,烏木魔杖,1,1,50000
46170,40010,治癒藥水,1,1,50000
46170,40011,強力治癒藥水,1,1,50000
46170,40015,藍色藥水,1,1,50000
46170,40031,惡魔之血,1,1,1000000
46170,40265,黑暗精靈水晶(暗隱術),1,1,10000
46170,40267,黑暗精靈水晶(影之防護),1,1,10000
46170,40269,黑暗精靈水晶(力量提升),1,1,10000
46170,40304,馬普勒之石,1,1,10000
46170,40308,金幣,1800,7200,1000000
46170,40740,重飛刀,1,1,10000
46170,50564,魔物的氣息,1,1,50000
46171,40014,勇敢藥水,1,1,50000
46171,40015,藍色藥水,1,1,50000
46171,40031,惡魔之血,1,1,1000000
46171,40074,對盔甲施法的卷軸,1,1,10000
46171,40087,對武器施法的卷軸,1,1,10000
46171,40119,解除咀咒的卷軸,1,1,100000
46171,40187,魔法書(體魄強健術),1,1,10000
46171,40192,魔法書(弱化術),1,1,10000
46171,40238,精靈水晶(魂體轉換),1,1,1000
46171,40247,精靈水晶(大地防護),1,1,10000
46171,40251,精靈水晶(鋼鐵防護),1,1,10000
46171,40275,黑暗精靈水晶(雙重破壞),1,1,10000
46171,40277,黑暗精靈水晶(暗影之牙),1,1,10000
46171,40304,馬普勒之石,1,1,10000
46171,40308,金幣,1800,7200,1000000
46171,40408,金屬塊,1,1,100000
46171,40496,粗糙的米索莉塊,1,1,100000
46171,40899,鋼鐵原石,1,1,10000
46171,49130,記憶水晶(幻覺：鑽石高崙),1,1,600
46171,50564,魔物的氣息,1,1,50000
46172,40031,惡魔之血,1,1,10000
46172,40308,金幣,1800,7200,1000000
46172,40497,米索莉金屬板,1,1,10000
46172,40509,奧里哈魯根金屬板,1,1,10000
46172,50564,魔物的氣息,1,1,50000
46173,20149,青銅盔甲,1,1,10000
46173,40010,治癒藥水,1,1,300000
46173,40011,強力治癒藥水,1,1,100000
46173,40012,終極治癒藥水,1,1,100000
46173,40013,自我加速藥水,1,1,100000
46173,40015,藍色藥水,1,1,50000
46173,40018,強化 綠色藥水,1,1,50000
46173,40031,惡魔之血,1,1,1000000
46173,40048,品質鑽石,1,1,10000
46173,40049,品質紅寶石,1,1,10000
46173,40050,品質藍寶石,1,1,10000
46173,40051,品質綠寶石,1,1,10000
46173,40192,魔法書(弱化術),1,1,10000
46173,40202,魔法書(全部治癒術),1,1,10000
46173,40213,魔法書(聖結界),1,1,1000
46173,40235,精靈水晶(淨化精神),1,1,10000
46173,40238,精靈水晶(魂體轉換),1,1,1000
46173,40241,精靈水晶(弱化屬性),1,1,10000
46173,40277,黑暗精靈水晶(暗影之牙),1,1,10000
46173,40308,金幣,1800,7200,1000000
46173,40524,黑色血痕,1,1,10000
46173,49111,龍騎士書板(覺醒：法利昂),1,1,10000
46173,50564,魔物的氣息,1,1,50000
46173,120101,皮甲,1,1,50000
46174,20230,紅眼盾牌,1,1,10000
46174,40010,治癒藥水,1,1,300000
46174,40011,強力治癒藥水,1,1,100000
46174,40012,終極治癒藥水,1,1,100000
46174,40013,自我加速藥水,1,1,100000
46174,40015,藍色藥水,1,1,50000
46174,40018,強化 綠色藥水,1,1,50000
46174,40031,惡魔之血,1,1,1000000
46174,40048,品質鑽石,1,1,10000
46174,40049,品質紅寶石,1,1,10000
46174,40050,品質藍寶石,1,1,10000
46174,40051,品質綠寶石,1,1,10000
46174,40192,魔法書(弱化術),1,1,10000
46174,40202,魔法書(全部治癒術),1,1,10000
46174,40213,魔法書(聖結界),1,1,1000
46174,40235,精靈水晶(淨化精神),1,1,10000
46174,40238,精靈水晶(魂體轉換),1,1,1000
46174,40241,精靈水晶(弱化屬性),1,1,10000
46174,40277,黑暗精靈水晶(暗影之牙),1,1,10000
46174,40308,金幣,1800,7200,1000000
46174,40524,黑色血痕,1,1,10000
46174,49111,龍騎士書板(覺醒：法利昂),1,1,10000
46174,50564,魔物的氣息,1,1,50000
46174,120101,皮甲,1,1,50000
46175,20099,惡魔盔甲,1,1,1000
46175,40016,慎重藥水,1,1,100000
46175,40031,惡魔之血,1,1,1000000
46175,40093,空的魔法卷軸(等級4),1,1,50000
46175,40105,傲慢之塔移動卷軸(21F),1,1,10000
46175,40260,精靈水晶(風之神射),1,1,10000
46175,40262,精靈水晶(暴風之眼),1,1,10000
46175,40275,黑暗精靈水晶(雙重破壞),1,1,10000
46175,40308,金幣,1800,7200,1000000
46175,40444,黑色米索莉原石,1,1,10000
46175,50564,魔物的氣息,1,1,50000
46175,100042,細劍,1,1,5000
46176,40006,松木魔杖,1,1,1000
46176,40007,烏木魔杖,1,1,10000
46176,40008,楓木魔杖,1,1,1000
46176,40013,自我加速藥水,1,1,10000
46176,40014,勇敢藥水,1,1,10000
46176,40015,藍色藥水,1,1,10000
46176,40016,慎重藥水,1,1,10000
46176,40018,強化 綠色藥水,1,1,10000
46176,40031,惡魔之血,1,1,1000000
46176,40033,萬能藥(力量),1,1,10
46176,40034,萬能藥(體質),1,1,10
46176,40035,萬能藥(敏捷),1,1,10
46176,40036,萬能藥(智慧),1,1,10
46176,40037,萬能藥(精神),1,1,10
46176,40038,萬能藥(魅力),1,1,10
46176,40074,對盔甲施法的卷軸,1,1,1000
46176,40087,對武器施法的卷軸,1,1,1000
46176,40308,金幣,1800,7200,1000000
46176,50564,魔物的氣息,1,1,50000
46177,20063,保護者斗篷,1,1,50000
46177,40015,藍色藥水,1,1,100000
46177,40016,慎重藥水,1,1,100000
46177,40031,惡魔之血,1,1,1000000
46177,40074,對盔甲施法的卷軸,1,1,10000
46177,40087,對武器施法的卷軸,1,1,10000
46177,40100,瞬間移動卷軸,1,1,100000
46177,40119,解除咀咒的卷軸,1,1,100000
46177,40126,鑑定卷軸,1,1,100000
46177,40179,魔法書(極道落雷),1,1,50000
46177,40180,魔法書(高級治癒術),1,1,50000
46177,40186,魔法書(造屍術),1,1,50000
46177,40210,魔法書(雷霆風暴),1,1,1000
46177,40308,金幣,1800,7200,1000000
46177,50564,魔物的氣息,1,1,50000
46178,40007,烏木魔杖,1,1,50000
46178,40010,治癒藥水,1,1,300000
46178,40011,強力治癒藥水,1,1,200000
46178,40012,終極治癒藥水,1,1,100000
46178,40013,自我加速藥水,1,1,100000
46178,40014,勇敢藥水,1,1,50000
46178,40016,慎重藥水,1,1,50000
46178,40017,翡翠藥水,1,1,300000
46178,40018,強化 綠色藥水,1,1,10000
46178,40019,濃縮體力恢復劑,1,1,100000
46178,40020,濃縮強力體力恢復劑,1,1,50000
46178,40021,濃縮終極體力恢復劑,1,1,20000
46178,40031,惡魔之血,1,1,1000000
46178,40090,空的魔法卷軸(等級1),1,1,100000
46178,40091,空的魔法卷軸(等級2),1,1,100000
46178,40092,空的魔法卷軸(等級3),1,1,100000
46178,40104,傲慢之塔移動卷軸(11F),1,1,20000
46178,40119,解除咀咒的卷軸,1,1,50000
46178,40126,鑑定卷軸,1,1,50000
46178,40308,金幣,1800,7200,1000000
46178,40397,奇美拉之皮(龍),1,1,100000
46178,40398,奇美拉之皮(山羊),1,1,100000
46178,40399,奇美拉之皮(獅子),1,1,100000
46178,40400,奇美拉之皮(蛇),1,1,100000
46178,49112,龍騎士書板(致命身軀),1,1,5000
46178,49128,記憶水晶(幻想),1,1,3500
46178,50564,魔物的氣息,1,1,50000
46179,40017,翡翠藥水,1,1,300000
46179,40031,惡魔之血,1,1,1000000
46179,40074,對盔甲施法的卷軸,1,1,10000
46179,40087,對武器施法的卷軸,1,1,10000
46179,40172,魔法書(壞物術),1,1,10000
46179,40232,精靈水晶(魔法防禦),1,1,10000
46179,40253,精靈水晶(水之元氣),1,1,10000
46179,40255,精靈水晶(生命的祝福),1,1,1000
46179,40264,精靈水晶(風之枷鎖),1,1,1000
46179,40306,伊娃之石,1,1,10000
46179,40308,金幣,1800,7200,1000000
46179,40458,光明的鱗片,1,1,10000
46179,50564,魔物的氣息,1,1,50000
46179,140100,瞬間移動卷軸,1,1,100000
46180,40017,翡翠藥水,1,1,150000
46180,40018,強化 綠色藥水,1,1,50000
46180,40031,惡魔之血,1,1,500000
46180,40074,對盔甲施法的卷軸,1,1,5000
46180,40087,對武器施法的卷軸,1,1,5000
46180,40172,魔法書(壞物術),1,1,5000
46180,40232,精靈水晶(魔法防禦),1,1,5000
46180,40253,精靈水晶(水之元氣),1,1,1000
46180,40255,精靈水晶(生命的祝福),1,1,500
46180,40260,精靈水晶(風之神射),1,1,1000
46180,40306,伊娃之石,1,1,10000
46180,40308,金幣,1800,7200,1000000
46180,40458,光明的鱗片,1,1,25000
46180,50564,魔物的氣息,1,1,50000
46180,140100,瞬間移動卷軸,1,1,100000
46181,52,雙手劍,1,1,1000
46181,148,巨斧,1,1,1000
46181,40007,烏木魔杖,1,1,10000
46181,40008,楓木魔杖,1,1,1000
46181,40013,自我加速藥水,1,1,10000
46181,40014,勇敢藥水,1,1,10000
46181,40015,藍色藥水,1,1,10000
46181,40016,慎重藥水,1,1,10000
46181,40018,強化 綠色藥水,1,1,10000
46181,40031,惡魔之血,1,1,500000
46181,40033,萬能藥(力量),1,1,10
46181,40034,萬能藥(體質),1,1,10
46181,40035,萬能藥(敏捷),1,1,10
46181,40036,萬能藥(智慧),1,1,10
46181,40037,萬能藥(精神),1,1,10
46181,40038,萬能藥(魅力),1,1,10
46181,40048,品質鑽石,1,1,10000
46181,40074,對盔甲施法的卷軸,1,1,1000
46181,40087,對武器施法的卷軸,1,1,1000
46181,40308,金幣,1800,7200,1000000
46181,45023,魔法書(神聖犧牲),1,1,1000
46181,50564,魔物的氣息,1,1,50000
46182,116,黑法師之杖,1,1,5000
46182,20121,黑法師長袍,1,1,5000
46182,20257,黑法師項鍊,1,1,100
46182,40012,終極治癒藥水,1,1,50000
46182,40015,藍色藥水,1,1,50000
46182,40016,慎重藥水,1,1,100000
46182,40017,翡翠藥水,1,1,50000
46182,40018,強化 綠色藥水,1,1,50000
46182,40031,惡魔之血,1,1,500000
46182,40279,黑暗精靈水晶(閃避提升),1,1,10000
46182,40308,金幣,1800,7200,1000000
46182,40446,黑法師戒指,1,1,5000
46182,40490,黑暗元素石,1,1,50000
46182,50564,魔物的氣息,1,1,50000
46183,106,貝卡合金,1,1,5000
46183,148,巨斧,1,1,10000
46183,20128,水晶盔甲,1,1,10000
46183,40015,藍色藥水,1,1,75000
46183,40031,惡魔之血,1,1,500000
46183,40074,對盔甲施法的卷軸,1,1,5000
46183,40087,對武器施法的卷軸,1,1,5000
46183,40089,復活卷軸,1,1,300000
46183,40201,魔法書(疾病術),1,1,10000
46183,40213,魔法書(聖結界),1,1,1000
46183,40308,金幣,1800,7200,1000000
46183,45024,魔法書(幻象),1,1,500
46183,50564,魔物的氣息,1,1,50000
46183,140100,瞬間移動卷軸,1,1,100000
46184,20307,小型靈魂腰帶,1,1,1000
46184,20316,靈魂腰帶,1,1,1000
46184,40010,治癒藥水,1,1,300000
46184,40015,藍色藥水,1,1,50000
46184,40031,惡魔之血,1,1,500000
46184,40175,魔法書(魔法屏障),1,1,10000
46184,40185,魔法書(黑闇之影),1,1,50000
46184,40273,黑暗精靈水晶(毒性抵抗),1,1,50000
46184,40308,金幣,1800,7200,1000000
46184,50564,魔物的氣息,1,1,50000
46184,140010,治癒藥水,1,1,300000
46184,140011,強力治癒藥水,1,1,300000
46184,140012,終極治癒藥水,1,1,300000
46185,142,銀斧,1,1,50000
46185,20114,綿質長袍,1,1,50000
46185,40001,燈,1,1,100000
46185,40007,烏木魔杖,1,1,100000
46185,40011,強力治癒藥水,1,1,100000
46185,40013,自我加速藥水,1,1,100000
46185,40014,勇敢藥水,1,1,100000
46185,40016,慎重藥水,1,1,100000
46185,40018,強化 綠色藥水,1,1,50000
46185,40020,濃縮強力體力恢復劑,1,1,50000
46185,40031,惡魔之血,1,1,1000000
46185,40175,魔法書(魔法屏障),1,1,10000
46185,40183,魔法書(冰錐),1,1,10000
46185,40184,魔法書(魔力奪取),1,1,10000
46185,40195,魔法書(冰矛圍籬),1,1,10000
46185,40236,精靈水晶(屬性防禦),1,1,10000
46185,40254,精靈水晶(生命之泉),1,1,10000
46185,40308,金幣,1800,7200,1000000
46185,50564,魔物的氣息,1,1,50000
46185,140100,瞬間移動卷軸,1,1,100000
46186,21074,親睦耳環,1,1,1000
46186,40014,勇敢藥水,1,1,50000
46186,40031,惡魔之血,1,1,500000
46186,40308,金幣,1800,7200,1000000
46186,50564,魔物的氣息,1,1,50000
46187,110,失去魔力的巴列斯魔杖,1,1,100
46187,20204,巴列斯長靴,1,1,100
46187,40031,惡魔之血,1,1,500000
46187,40044,鑽石,1,3,50000
46187,40047,綠寶石,1,3,50000
46187,40048,品質鑽石,1,2,10000
46187,40050,品質藍寶石,1,2,10000
46187,40052,高品質鑽石,1,1,5000
46187,40308,金幣,1800,7200,1000000
46187,40443,黑色米索莉,1,1,5000
46187,40444,黑色米索莉原石,1,1,50000
46187,40524,黑色血痕,1,1,10000
46187,40718,血石碎片,1,1,50000
46187,45024,魔法書(幻象),1,1,1000
46187,50564,魔物的氣息,1,1,50000
46188,40031,惡魔之血,1,1,500000
46188,40308,金幣,1800,7200,1000000
46188,50564,魔物的氣息,1,1,50000
46189,2,骰子匕首,1,1,10000
46189,20099,惡魔盔甲,1,1,1000
46189,20264,力量項鍊,1,1,1000
46189,20266,智力項鍊,1,1,1000
46189,20284,召喚控制戒指,1,1,1000
46189,20288,傳送控制戒指,1,1,500
46189,20304,火靈戒指,1,1,1000
46189,40013,自我加速藥水,1,1,300000
46189,40015,藍色藥水,1,1,100000
46189,40018,強化 綠色藥水,1,1,50000
46189,40031,惡魔之血,1,1,500000
46189,40074,對盔甲施法的卷軸,1,1,10000
46189,40087,對武器施法的卷軸,1,1,10000
46189,40089,復活卷軸,1,1,100000
46189,40094,空的魔法卷軸(等級5),1,1,10000
46189,40203,魔法書(火牢),1,1,10000
46189,40242,精靈水晶(魔法消除),1,1,10000
46189,40257,精靈水晶(烈炎氣息),1,1,500
46189,40308,金幣,1800,7200,1000000
46189,41149,精靈水晶(烈焰之魂),1,1,100
46189,50564,魔物的氣息,1,1,50000
46189,140089,復活卷軸,1,1,50000
46190,41,武士刀,1,1,300000
46190,52,雙手劍,1,1,300000
46190,109,失去魔力的巴風特魔杖,1,1,100
46190,20077,隱身斗篷,1,1,10
46190,20117,巴風特盔甲,1,1,100
46190,20138,精靈金屬盔甲,1,1,10000
46190,20187,力量手套,1,1,1000
46190,20244,小型魅力項鍊,1,1,300000
46190,20254,魅力項鍊,1,1,10000
46190,20284,召喚控制戒指,1,1,5000
46190,20285,水靈戒指,1,1,10000
46190,20288,傳送控制戒指,1,1,5000
46190,20306,小型身體腰帶,1,1,10000
46190,20307,小型靈魂腰帶,1,1,10000
46190,20308,小型精神腰帶,1,1,10000
46190,20312,身體腰帶,1,1,10000
46190,20316,靈魂腰帶,1,1,10000
46190,20319,精神腰帶,1,1,10000
46190,21069,新生皮帶(水),1,1,1000
46190,40013,自我加速藥水,1,1,300000
46190,40014,勇敢藥水,1,1,300000
46190,40015,藍色藥水,1,1,300000
46190,40016,慎重藥水,1,1,300000
46190,40018,強化 綠色藥水,1,1,300000
46190,40031,惡魔之血,1,1,500000
46190,40044,鑽石,1,1,300000
46190,40046,藍寶石,1,1,300000
46190,40047,綠寶石,1,1,300000
46190,40048,品質鑽石,1,1,300000
46190,40050,品質藍寶石,1,1,300000
46190,40051,品質綠寶石,1,1,300000
46190,40052,高品質鑽石,1,1,300000
46190,40054,高品質藍寶石,1,1,300000
46190,40055,高品質綠寶石,1,1,300000
46190,40074,對盔甲施法的卷軸,1,1,300000
46190,40087,對武器施法的卷軸,1,1,300000
46190,40089,復活卷軸,1,1,300000
46190,40093,空的魔法卷軸(等級4),1,1,300000
46190,40094,空的魔法卷軸(等級5),1,1,300000
46190,40181,魔法書(迷魅術),1,1,50000
46190,40193,魔法書(祝福魔法武器),1,1,50000
46190,40196,魔法書(召喚術),1,1,50000
46190,40203,魔法書(火牢),1,1,50000
46190,40242,精靈水晶(魔法消除),1,1,50000
46190,40246,精靈水晶(鏡反射),1,1,50000
46190,40256,精靈水晶(火焰武器),1,1,100000
46190,40257,精靈水晶(烈炎氣息),1,1,50000
46190,40258,精靈水晶(烈炎武器),1,1,50000
46190,40263,精靈水晶(暴風神射),1,1,50000
46190,40308,金幣,10000,20000,1000000
46190,41147,技術書(堅固防護),1,1,1000
46190,49114,龍騎士書板(驚悚死神),1,1,1000
46190,49133,記憶水晶(恐慌),1,1,1200
46190,50564,魔物的氣息,1,1,50000
46190,100041,武士刀,1,1,300000
46190,100052,雙手劍,1,1,300000
46190,120182,手套,1,1,300000
46190,140074,對盔甲施法的卷軸,1,1,100000
46190,140087,對武器施法的卷軸,1,1,100000
46190,200052,雙手劍,1,1,300000
46191,40031,惡魔之血,1,1,500000
46191,40308,金幣,1800,7200,1000000
46191,50564,魔物的氣息,1,1,50000
46191,140074,對盔甲施法的卷軸,1,1,5000
46191,140087,對武器施法的卷軸,1,1,5000
46193,21092,新生戒指,1,1,1000
46193,40031,惡魔之血,1,1,500000
46193,40308,金幣,1800,7200,1000000
46193,40443,黑色米索莉,1,1,10000
46193,40444,黑色米索莉原石,1,1,10000
46193,40524,黑色血痕,1,1,30000
46193,40718,血石碎片,1,1,10000
46193,50564,魔物的氣息,1,1,50000
46193,140074,對盔甲施法的卷軸,1,1,1000
46193,140087,對武器施法的卷軸,1,1,1000
46193,240074,對盔甲施法的卷軸,1,1,2000
46193,240087,對武器施法的卷軸,1,1,2000
46194,40031,惡魔之血,1,1,500000
46194,40045,紅寶石,1,3,100000
46194,40046,藍寶石,1,3,100000
46194,40047,綠寶石,1,3,100000
46194,40049,品質紅寶石,1,3,10000
46194,40050,品質藍寶石,1,3,10000
46194,40051,品質綠寶石,1,3,10000
46194,40053,高品質紅寶石,1,1,5000
46194,40054,高品質藍寶石,1,1,5000
46194,40055,高品質綠寶石,1,1,5000
46194,40308,金幣,1800,7200,1000000
46194,40443,黑色米索莉,1,1,5000
46194,40444,黑色米索莉原石,1,1,100000
46194,40524,黑色血痕,1,1,10000
46194,40718,血石碎片,1,1,100000
46194,50564,魔物的氣息,1,1,50000
46195,107,深紅長矛,1,1,10000
46195,151,惡魔斧頭,1,1,10000
46195,20289,深淵戒指,1,1,10000
46195,40018,強化 綠色藥水,1,1,300000
46195,40031,惡魔之血,1,1,500000
46195,40048,品質鑽石,1,1,300000
46195,40049,品質紅寶石,1,1,300000
46195,40050,品質藍寶石,1,1,300000
46195,40051,品質綠寶石,1,1,300000
46195,40052,高品質鑽石,1,1,10000
46195,40053,高品質紅寶石,1,1,10000
46195,40054,高品質藍寶石,1,1,10000
46195,40055,高品質綠寶石,1,1,10000
46195,40164,技術書(衝擊之暈),1,1,10000
46195,40209,魔法書(魔法封印),1,1,10000
46195,40216,魔法書(藥水霜化術),1,1,10000
46195,40219,魔法書(流星雨),1,1,1000
46195,40308,金幣,2100,8500,1000000
46195,40524,黑色血痕,1,1,100000
46195,50564,魔物的氣息,1,1,50000
46195,100008,米索莉短劍,1,1,10000
46195,100009,奧里哈魯根短劍,1,1,1000
46195,100107,深紅長矛,1,1,10000
46195,100151,惡魔斧頭,1,1,10000
46195,120289,深淵戒指,1,1,10000
46196,2,骰子匕首,1,1,10000
46196,9,奧里哈魯根短劍,1,1,1000
46196,52,雙手劍,1,1,100000
46196,57,瑟魯基之劍,1,1,5000
46196,63,惡魔之劍,1,1,1000
46196,64,巨劍,1,1,100000
46196,85,惡魔雙刀,1,1,1000
46196,165,惡魔鋼爪,1,1,1000
46196,185,惡魔十字弓,1,1,1000
46196,20099,惡魔盔甲,1,1,1000
46196,20138,精靈金屬盔甲,1,1,10000
46196,20160,黑長者長袍,1,1,10000
46196,20165,惡魔手套,1,1,1000
46196,20175,水晶手套,1,1,5000
46196,20187,力量手套,1,1,5000
46196,20197,惡魔長靴,1,1,1000
46196,40031,惡魔之血,1,1,500000
46196,40074,對盔甲施法的卷軸,1,1,10000
46196,40087,對武器施法的卷軸,1,1,10000
46196,40308,金幣,1800,7200,1000000
46196,50564,魔物的氣息,1,1,50000
46196,100052,雙手劍,1,1,100000
46196,200052,雙手劍,1,1,100000
46220,40074,對盔甲施法的卷軸,1,1,300000
46220,40087,對武器施法的卷軸,1,1,300000
46220,140074,對盔甲施法的卷軸,1,1,300000
46220,140087,對武器施法的卷軸,1,1,300000
46220,140089,復活卷軸,1,1,300000
46291,41,武士刀,1,1,30000
46291,57,瑟魯基之劍,1,1,300000
46291,20128,水晶盔甲,1,1,100000
46291,20207,深水長靴,1,1,50000
46291,20280,滅魔戒指,1,1,1000
46291,20281,變形控制戒指,1,1,3000
46291,20288,傳送控制戒指,1,1,3000
46291,20303,抗魔戒指,1,1,10000
46291,20306,小型身體腰帶,1,1,10000
46291,20307,小型靈魂腰帶,1,1,10000
46291,20308,小型精神腰帶,1,1,10000
46291,40052,高品質鑽石,1,1,100000
46291,40053,高品質紅寶石,1,1,100000
46291,40054,高品質藍寶石,1,1,100000
46291,40055,高品質綠寶石,1,1,100000
46291,40074,對盔甲施法的卷軸,1,1,300000
46291,40087,對武器施法的卷軸,1,1,300000
46291,40202,魔法書(全部治癒術),1,1,50000
46291,40216,魔法書(藥水霜化術),1,1,50000
46291,40223,魔法書(絕對屏障),1,1,1000
46291,40253,精靈水晶(水之元氣),1,1,10000
46291,40255,精靈水晶(生命的祝福),1,1,10000
51001,40010,治癒藥水,1,1,500000
51001,40013,自我加速藥水,1,1,10000
51001,40015,藍色藥水,1,1,10000
51001,40074,對盔甲施法的卷軸,1,1,1000
51001,40079,傳送回家的卷軸,1,1,10000
51001,40088,變形卷軸,1,1,10000
51001,40089,復活卷軸,1,1,10000
51001,40093,空的魔法卷軸(等級4),1,1,5000
51001,40119,解除咀咒的卷軸,1,1,10000
51001,40308,金幣,300,1500,1000000
51002,40010,治癒藥水,1,2,500000
51002,40011,強力治癒藥水,1,1,200000
51002,40013,自我加速藥水,1,1,10000
51002,40044,鑽石,1,1,10000
51002,40045,紅寶石,1,1,10000
51002,40049,品質紅寶石,1,1,5000
51002,40053,高品質紅寶石,1,1,1000
51002,40308,金幣,450,2250,1000000
51003,40010,治癒藥水,1,2,500000
51003,40011,強力治癒藥水,1,1,200000
51003,40013,自我加速藥水,1,1,10000
51003,40015,藍色藥水,1,1,10000
51003,40044,鑽石,1,1,10000
51003,40045,紅寶石,1,1,10000
51003,40046,藍寶石,1,1,10000
51003,40047,綠寶石,1,1,10000
51003,40093,空的魔法卷軸(等級4),1,1,5000
51003,40308,金幣,400,2000,1000000
51003,140088,變形卷軸,1,1,10000
51004,40010,治癒藥水,1,2,500000
51004,40011,強力治癒藥水,1,1,200000
51004,40014,勇敢藥水,1,1,10000
51004,40048,品質鑽石,1,1,5000
51004,40068,精靈餅乾,1,1,5000
51004,40308,金幣,500,2500,1000000
51004,40524,黑色血痕,1,1,5000
51005,40010,治癒藥水,1,2,500000
51005,40011,強力治癒藥水,1,1,200000
51005,40014,勇敢藥水,1,1,10000
51005,40068,精靈餅乾,1,1,5000
51005,40308,金幣,500,2500,1000000
51005,40444,黑色米索莉原石,1,1,5000
51006,40010,治癒藥水,1,2,500000
51006,40011,強力治癒藥水,1,1,200000
51006,40012,終極治癒藥水,1,1,50000
51006,40015,藍色藥水,1,1,10000
51006,40119,解除咀咒的卷軸,1,1,10000
51006,40305,帕格里奧之石,1,1,5000
51006,40308,金幣,650,3250,1000000
51007,40010,治癒藥水,1,2,500000
51007,40011,強力治癒藥水,1,1,200000
51007,40012,終極治癒藥水,1,1,50000
51007,40014,勇敢藥水,1,1,10000
51007,40015,藍色藥水,1,1,10000
51007,40048,品質鑽石,1,1,5000
51007,40049,品質紅寶石,1,1,5000
51007,40050,品質藍寶石,1,1,5000
51007,40051,品質綠寶石,1,1,5000
51007,40308,金幣,1000,5000,1000000
51008,40013,自我加速藥水,1,1,800000
51008,40074,對盔甲施法的卷軸,1,1,500000
51008,40087,對武器施法的卷軸,1,1,500000
51008,40308,金幣,50000,70000,1000000
51008,140074,對盔甲施法的卷軸,1,1,200000
51008,140087,對武器施法的卷軸,1,1,200000
51009,40014,勇敢藥水,1,10,700000
51009,40016,慎重藥水,1,10,700000
51009,40031,惡魔之血,1,10,700000
51009,40068,精靈餅乾,1,10,700000
51009,40087,對武器施法的卷軸,1,1,500000
51009,40308,金幣,80000,130000,1000000
51009,49158,生命之樹果實,1,10,700000
51009,140087,對武器施法的卷軸,1,1,200000
51010,40010,治癒藥水,1,2,500000
51010,40011,強力治癒藥水,1,1,200000
51010,40014,勇敢藥水,1,1,10000
51010,40048,品質鑽石,1,1,5000
51010,40068,精靈餅乾,1,1,5000
51010,40308,金幣,500,2500,1000000
51010,40524,黑色血痕,1,1,5000
51011,40010,治癒藥水,1,2,500000
51011,40011,強力治癒藥水,1,1,200000
51011,40014,勇敢藥水,1,1,10000
51011,40068,精靈餅乾,1,1,5000
51011,40308,金幣,500,2500,1000000
51011,40444,黑色米索莉原石,1,1,5000
80243,50533,神秘蘑菇粉,1,1,300000
81042,40017,翡翠藥水,1,1,100000
81042,40306,伊娃之石,1,1,10000
81042,40308,金幣,109,186,1000000
81043,40584,雪怪首級,1,1,1000000
81043,49225,雪怪之心,1,1,1000000
81048,40015,藍色藥水,1,1,100000
81048,40074,對盔甲施法的卷軸,1,1,10000
81048,40079,傳送回家的卷軸,1,1,300000
81048,40087,對武器施法的卷軸,1,1,10000
81048,40088,變形卷軸,1,1,300000
81048,40119,解除咀咒的卷軸,1,1,300000
81048,40304,馬普勒之石,1,1,10000
81048,40308,金幣,144,240,1000000
81048,140074,對盔甲施法的卷軸,1,1,1000
81048,140087,對武器施法的卷軸,1,1,1000
81066,52,雙手劍,1,1,1000
81066,93,三叉戟,1,1,5000
81066,94,帕提森,1,1,5000
81066,103,戟,1,1,1000
81066,20063,保護者斗篷,1,1,5000
81066,20085,T恤,1,1,10000
81066,20149,青銅盔甲,1,1,10000
81066,20154,金屬盔甲,1,1,10000
81066,20162,皮手套,1,1,1000
81066,20205,長靴,1,1,5000
81066,20213,短統靴,1,1,5000
81066,40014,勇敢藥水,1,1,50000
81066,40015,藍色藥水,1,1,50000
81066,40044,鑽石,1,1,10000
81066,40045,紅寶石,1,1,10000
81066,40046,藍寶石,1,1,10000
81066,40047,綠寶石,1,1,10000
81066,40308,金幣,50,93,1000000
81066,40565,搜索狀,1,1,100000
81066,100095,槍,1,1,50000
81066,100103,戟,1,1,5000
81067,40308,金幣,217,353,1000000
81070,40308,金幣,205,336,1000000
81071,40308,金幣,205,336,1000000
81072,40308,金幣,265,429,1000000
81073,40308,金幣,229,372,1000000
81074,40308,金幣,292,470,1000000
81075,40015,藍色藥水,1,1,50000
81075,40017,翡翠藥水,1,1,300000
81075,40074,對盔甲施法的卷軸,1,1,10000
81075,40087,對武器施法的卷軸,1,1,10000
81075,40172,魔法書(壞物術),1,1,10000
81075,40232,精靈水晶(魔法防禦),1,1,10000
81075,40253,精靈水晶(水之元氣),1,1,10000
81075,40255,精靈水晶(生命的祝福),1,1,1000
81075,40306,伊娃之石,1,1,10000
81075,40308,金幣,87,150,1000000
81075,40458,光明的鱗片,1,1,10000
81075,140100,瞬間移動卷軸,1,1,100000
81076,40013,自我加速藥水,1,1,50000
81076,40015,藍色藥水,1,1,50000
81076,40017,翡翠藥水,1,1,150000
81076,40074,對盔甲施法的卷軸,1,1,5000
81076,40087,對武器施法的卷軸,1,1,5000
81076,40172,魔法書(壞物術),1,1,5000
81076,40232,精靈水晶(魔法防禦),1,1,5000
81076,40253,精靈水晶(水之元氣),1,1,500
81076,40255,精靈水晶(生命的祝福),1,1,50
81076,40306,伊娃之石,1,1,10000
81076,40308,金幣,73,129,1000000
81076,40458,光明的鱗片,1,1,25000
81076,140100,瞬間移動卷軸,1,1,100000
81077,20013,敏捷魔法頭盔,1,1,2500
81077,40013,自我加速藥水,1,1,50000
81077,40015,藍色藥水,1,1,50000
81077,40091,空的魔法卷軸(等級2),1,1,10000
81077,40092,空的魔法卷軸(等級3),1,1,10000
81077,40308,金幣,87,150,1000000
81077,140100,瞬間移動卷軸,1,1,100000
81078,40010,治癒藥水,1,1,100000
81078,40011,強力治癒藥水,1,1,100000
81078,40012,終極治癒藥水,1,1,100000
81078,40013,自我加速藥水,1,1,100000
81078,40015,藍色藥水,1,1,50000
81078,40018,強化 綠色藥水,1,1,50000
81078,40048,品質鑽石,1,1,10000
81078,40049,品質紅寶石,1,1,10000
81078,40050,品質藍寶石,1,1,10000
81078,40051,品質綠寶石,1,1,10000
81078,40308,金幣,102,173,1000000
81078,40524,黑色血痕,1,1,10000
81079,40014,勇敢藥水,1,1,100000
81079,40017,翡翠藥水,1,1,100000
81079,40045,紅寶石,1,1,10000
81079,40049,品質紅寶石,1,1,1000
81079,40308,金幣,118,198,1000000
81079,40524,黑色血痕,1,1,10000
81079,140100,瞬間移動卷軸,1,1,10000
81080,145,狂戰士斧,1,1,1000
81080,40010,治癒藥水,1,1,100000
81080,40011,強力治癒藥水,1,1,100000
81080,40012,終極治癒藥水,1,1,100000
81080,40308,金幣,163,270,1000000
81081,20267,精神項鍊,1,1,1000
81081,20284,召喚控制戒指,1,1,10000
81081,20288,傳送控制戒指,1,1,3000
81081,40006,松木魔杖,1,1,100
81081,40008,楓木魔杖,1,1,10000
81081,40013,自我加速藥水,1,1,300000
81081,40018,強化 綠色藥水,1,1,300000
81081,40046,藍寶石,1,1,10000
81081,40050,品質藍寶石,1,1,5000
81081,40054,高品質藍寶石,1,1,5000
81081,40074,對盔甲施法的卷軸,1,1,10000
81081,40087,對武器施法的卷軸,1,1,10000
81081,40093,空的魔法卷軸(等級4),1,1,300000
81081,40119,解除咀咒的卷軸,1,1,300000
81081,40173,魔法書(吸血鬼之吻),1,1,10000
81081,40180,魔法書(高級治癒術),1,1,10000
81081,40183,魔法書(冰錐),1,1,10000
81081,40185,魔法書(黑闇之影),1,1,10000
81081,40186,魔法書(造屍術),1,1,10000
81081,40214,魔法書(集體傳送術),1,1,10000
81081,40238,精靈水晶(魂體轉換),1,1,5000
81081,40253,精靈水晶(水之元氣),1,1,10000
81081,40254,精靈水晶(生命之泉),1,1,10000
81081,40308,金幣,1000,3000,1000000
81081,140074,對盔甲施法的卷軸,1,1,5000
81081,140087,對武器施法的卷軸,1,1,5000
81081,140100,瞬間移動卷軸,1,1,300000
81082,40014,勇敢藥水,5,10,500000
81082,40015,藍色藥水,5,10,500000
81082,40308,金幣,3030,4560,1000000
81082,40443,黑色米索莉,5,10,300000
81082,40444,黑色米索莉原石,5,10,300000
81082,40524,黑色血痕,5,10,300000
81082,40669,火焰之影肋骨,1,2,100000
81082,40670,火焰之影尾巴,1,1,3000
81082,40671,火焰之影骨翼,1,2,100000
81082,40672,火焰之影脊椎,1,2,100000
81082,40673,火焰之影首級,1,1,3000
81082,40674,火焰之影指甲,1,2,100000
81082,40678,靈魂石碎片,5,10,1000000
81082,49114,龍騎士書板(驚悚死神),1,1,1000
81102,49262,亞力安的尾巴,1,1,0
81107,40017,翡翠藥水,1,1,100000
81107,40544,蛇女之鱗,1,1,100000
81108,40594,殭屍鑰匙,1,1,1000000
81109,40604,骷髏鑰匙,1,1,1000000
81163,20281,變形控制戒指,1,1,300000
81163,20284,召喚控制戒指,1,1,300000
81163,20288,傳送控制戒指,1,1,300000
81163,40164,技術書(衝擊之暈),1,1,300000
81163,40165,技術書(增幅防禦),1,1,300000
81163,40166,技術書(尖刺盔甲),1,1,300000
81163,40178,魔法書(木乃伊的詛咒),1,1,300000
81163,40197,魔法書(神聖疾走),1,1,300000
81163,40202,魔法書(全部治癒術),1,1,300000
81163,40204,魔法書(冰雪暴),1,1,300000
81163,40205,魔法書(隱身術),1,1,300000
81163,40206,魔法書(返生術),1,1,300000
81163,40208,魔法書(治癒能量風暴),1,1,300000
81163,40209,魔法書(魔法封印),1,1,300000
81163,40210,魔法書(雷霆風暴),1,1,300000
81163,40213,魔法書(聖結界),1,1,300000
81163,40215,魔法書(火風暴),1,1,300000
81163,40216,魔法書(藥水霜化術),1,1,300000
81163,40219,魔法書(流星雨),1,1,300000
81163,40222,魔法書(究極光裂術),1,1,300000
81163,40223,魔法書(絕對屏障),1,1,300000
81163,40224,魔法書(靈魂昇華),1,1,300000
81163,40225,魔法書(冰雪颶風),1,1,300000
81163,40227,魔法書(激勵士氣),1,1,300000
81163,40230,魔法書(衝擊士氣),1,1,300000
81163,40237,精靈水晶(釋放元素),1,1,300000
81163,40238,精靈水晶(魂體轉換),1,1,300000
81163,40244,精靈水晶(封印禁地),1,1,300000
81163,40246,精靈水晶(鏡反射),1,1,300000
81163,40248,精靈水晶(地面障礙),1,1,300000
81163,40249,精靈水晶(大地屏障),1,1,300000
81163,40253,精靈水晶(水之元氣),1,1,300000
81163,40255,精靈水晶(生命的祝福),1,1,300000
81163,40261,精靈水晶(風之疾走),1,1,300000
81163,40264,精靈水晶(風之枷鎖),1,1,300000
81163,40269,黑暗精靈水晶(力量提升),1,1,300000
81163,41149,精靈水晶(烈焰之魂),1,1,300000
81163,41150,精靈水晶(能量激發),1,1,300000
81163,100041,武士刀,1,1,300000
81163,100057,瑟魯基之劍,1,1,100000
81163,100084,暗黑雙刀,1,1,300000
81163,100164,暗黑鋼爪,1,1,300000
81163,100189,暗黑十字弓,1,1,300000
81163,120244,小型魅力項鍊,1,1,300000
81163,120245,小型敏捷項鍊,1,1,300000
81163,120246,小型力量項鍊,1,1,300000
81163,120247,小型智力項鍊,1,1,300000
81163,120248,小型精神項鍊,1,1,300000
81163,120249,小型體質項鍊,1,1,300000
81163,120280,滅魔戒指,1,1,300000
81163,120304,火靈戒指,1,1,300000
81163,120309,光明身體腰帶,1,1,300000
81163,120310,光明靈魂腰帶,1,1,300000
81163,120311,光明精神腰帶,1,1,300000
81163,120312,身體腰帶,1,1,300000
81163,120316,靈魂腰帶,1,1,300000
81163,120317,歐吉皮帶,1,1,300000
81163,120319,精神腰帶,1,1,300000
81163,120320,泰坦皮帶,1,1,300000
81163,120321,多羅皮帶,1,1,300000
81163,140006,松木魔杖,1,1,30000
81163,140008,楓木魔杖,1,1,300000
81163,140015,藍色藥水,5,15,300000
81163,140074,對盔甲施法的卷軸,1,1,300000
81163,140087,對武器施法的卷軸,1,1,300000
81173,40007,烏木魔杖,1,1,10000
81173,40013,自我加速藥水,1,1,100000
81173,40014,勇敢藥水,1,1,100000
81173,40016,慎重藥水,1,1,100000
81173,40018,強化 綠色藥水,1,1,50000
81173,40074,對盔甲施法的卷軸,1,1,10000
81173,40087,對武器施法的卷軸,1,1,10000
81173,40092,空的魔法卷軸(等級3),1,1,10000
81173,40104,傲慢之塔移動卷軸(11F),1,1,10000
81173,40174,魔法書(緩速術),1,1,10000
81173,40177,魔法書(岩牢),1,1,10000
81173,40178,魔法書(木乃伊的詛咒),1,1,10000
81173,40180,魔法書(高級治癒術),1,1,10000
81173,40182,魔法書(聖潔之光),1,1,10000
81173,40188,魔法書(加速術),1,1,10000
81173,40190,魔法書(地裂術),1,1,10000
81173,40199,魔法書(強力加速術),1,1,10000
81173,40207,魔法書(震裂術),1,1,10000
81173,40240,精靈水晶(三重矢),1,1,10000
81173,40248,精靈水晶(地面障礙),1,1,10000
81173,40307,沙哈之石,1,1,10000
81173,40899,鋼鐵原石,1,1,100000
81173,140100,瞬間移動卷軸,1,1,100000
81175,40052,高品質鑽石,1,1,100000
81175,40053,高品質紅寶石,1,1,100000
81175,40054,高品質藍寶石,1,1,100000
81175,40055,高品質綠寶石,1,1,100000
81175,41403,庫傑的糧食,1,1,50000
81175,41404,庫傑的靈藥,1,1,50000
81175,140074,對盔甲施法的卷軸,1,1,50000
81175,140087,對武器施法的卷軸,1,1,50000
81175,240074,對盔甲施法的卷軸,1,1,70000
81175,240087,對武器施法的卷軸,1,1,70000
90500,40056,肉,1,1,100000
90501,40056,肉,1,1,100000
90502,40020,濃縮強力體力恢復劑,1,1,80000
90502,40306,伊娃之石,1,1,40000
90502,49101,時空裂痕碎片,1,1,30000
90502,49111,龍騎士書板(覺醒：法利昂),1,1,30000
90502,49300,神秘稜鏡：高等淘氣幼龍,1,1,30000
90503,40020,濃縮強力體力恢復劑,1,1,100000
90503,40306,伊娃之石,1,1,60000
90503,49101,時空裂痕碎片,1,1,50000
90503,49300,神秘稜鏡：高等淘氣幼龍,1,1,50000
90504,40020,濃縮強力體力恢復劑,1,2,100000
90504,40306,伊娃之石,1,1,60000
90504,49101,時空裂痕碎片,1,1,50000
90504,49300,神秘稜鏡：高等淘氣幼龍,1,1,50000
90505,40020,濃縮強力體力恢復劑,1,2,100000
90505,40306,伊娃之石,1,1,60000
90505,49101,時空裂痕碎片,1,1,50000
90505,49301,神秘稜鏡：高等頑皮幼龍,1,1,50000
90506,40020,濃縮強力體力恢復劑,1,2,100000
90506,40306,伊娃之石,1,1,40000
90506,49101,時空裂痕碎片,1,1,35000
90506,49106,龍騎士書板(覺醒：安塔瑞斯),1,1,35000
90506,49300,神秘稜鏡：高等淘氣幼龍,1,1,35000
90507,40020,濃縮強力體力恢復劑,1,2,100000
90507,40306,伊娃之石,1,1,40000
90507,49101,時空裂痕碎片,1,1,35000
90507,49106,龍騎士書板(覺醒：安塔瑞斯),1,1,35000
90507,49301,神秘稜鏡：高等頑皮幼龍,1,1,35000
90508,40020,濃縮強力體力恢復劑,1,3,150000
90508,40306,伊娃之石,1,2,50000
90508,49101,時空裂痕碎片,1,1,40000
90508,49300,神秘稜鏡：高等淘氣幼龍,1,1,40000
90509,40020,濃縮強力體力恢復劑,1,3,150000
90509,40306,伊娃之石,1,2,50000
90509,49101,時空裂痕碎片,1,1,40000
90509,49126,記憶水晶(立方：地裂),1,1,40000
90509,49301,神秘稜鏡：高等頑皮幼龍,1,1,40000
90510,40020,濃縮強力體力恢復劑,1,3,180000
90510,40306,伊娃之石,1,2,60000
90510,49101,時空裂痕碎片,1,1,50000
90510,49110,龍騎士書板(衝擊之膚),1,1,50000
90510,49300,神秘稜鏡：高等淘氣幼龍,1,1,50000
90511,40020,濃縮強力體力恢復劑,1,3,180000
90511,40306,伊娃之石,1,2,600000
90511,49101,時空裂痕碎片,1,1,50000
90511,49110,龍騎士書板(衝擊之膚),1,1,50000
90511,49301,神秘稜鏡：高等頑皮幼龍,1,1,50000
90512,40021,濃縮終極體力恢復劑,1,3,100000
90512,40306,伊娃之石,1,2,80000
90512,49101,時空裂痕碎片,1,1,60000
90512,49304,惡元素奇古獸,1,1,30000
90512,49308,惡元素之弓,1,1,10000
90513,40021,濃縮終極體力恢復劑,1,3,100000
90513,40306,伊娃之石,1,2,80000
90513,49101,時空裂痕碎片,1,1,60000
90513,49305,惡元素鎖鏈劍,1,1,30000
90513,49308,惡元素之弓,1,1,10000
90514,40021,濃縮終極體力恢復劑,1,1,120000
90514,40306,伊娃之石,1,2,80000
90514,49101,時空裂痕碎片,1,1,60000
90514,49304,惡元素奇古獸,1,1,30000
90514,49308,惡元素之弓,1,1,10000
90515,40021,濃縮終極體力恢復劑,1,3,120000
90515,40306,伊娃之石,1,2,80000
90515,49101,時空裂痕碎片,1,1,60000
90515,49305,惡元素鎖鏈劍,1,1,30000
90515,49308,惡元素之弓,1,1,10000
90516,40021,濃縮終極體力恢復劑,1,1,120000
90516,40306,伊娃之石,1,2,80000
90516,49101,時空裂痕碎片,1,1,60000
90516,49113,龍騎士書板(奪命之雷),1,1,30000
90516,49304,惡元素奇古獸,1,1,30000
90516,49308,惡元素之弓,1,1,10000
90517,40021,濃縮終極體力恢復劑,1,3,120000
90517,40306,伊娃之石,1,2,80000
90517,49101,時空裂痕碎片,1,1,60000
90517,49113,龍騎士書板(奪命之雷),1,1,30000
90517,49305,惡元素鎖鏈劍,1,1,30000
90517,49308,惡元素之弓,1,1,10000
90518,282,提卡爾庫庫爾坎之矛,1,1,10000
90518,20254,魅力項鍊,1,1,80000
90518,20256,敏捷項鍊,1,1,80000
90518,20264,力量項鍊,1,1,80000
90518,20266,智力項鍊,1,1,80000
90518,20267,精神項鍊,1,1,80000
90518,20268,體質項鍊,1,1,80000
90518,20280,滅魔戒指,1,1,100000
90518,20281,變形控制戒指,1,1,50000
90518,20284,召喚控制戒指,1,1,50000
90518,20288,傳送控制戒指,1,1,50000
90518,20303,抗魔戒指,1,1,250000
90518,21111,提卡爾杰弗雷庫尖牙,1,1,30000
90518,21112,提卡爾杰弗雷庫之眼,1,1,30000
90518,40024,古代終極體力恢復劑,1,5,300000
90518,40074,對盔甲施法的卷軸,1,1,200000
90518,40087,對武器施法的卷軸,1,5,200000
90518,49092,龜裂之核,1,1,100000
90518,49306,惡元素鋼爪,1,1,100000
90518,140074,對盔甲施法的卷軸,1,1,80000
90518,140087,對武器施法的卷軸,1,3,80000
90518,140100,瞬間移動卷軸,1,3,250000
90519,283,提卡爾庫庫爾坎鐵手甲,1,1,10000
90519,20254,魅力項鍊,1,1,80000
90519,20256,敏捷項鍊,1,1,80000
90519,20264,力量項鍊,1,1,80000
90519,20266,智力項鍊,1,1,80000
90519,20267,精神項鍊,1,1,80000
90519,20268,體質項鍊,1,1,80000
90519,20280,滅魔戒指,1,1,100000
90519,20281,變形控制戒指,1,1,50000
90519,20284,召喚控制戒指,1,1,50000
90519,20288,傳送控制戒指,1,1,50000
90519,20303,抗魔戒指,1,1,250000
90519,21111,提卡爾杰弗雷庫尖牙,1,1,30000
90519,21112,提卡爾杰弗雷庫之眼,1,1,30000
90519,40024,古代終極體力恢復劑,1,5,30000
90519,40074,對盔甲施法的卷軸,1,1,200000
90519,40087,對武器施法的卷軸,1,5,20000
90519,49092,龜裂之核,1,1,100000
90519,49306,惡元素鋼爪,1,1,100000
90519,140074,對盔甲施法的卷軸,1,1,80000
90519,140087,對武器施法的卷軸,1,3,80000
90519,140100,瞬間移動卷軸,1,3,25000
91157,40013,自我加速藥水,1,1,300000
91157,40396,地龍鱗,1,1,20000
91157,50520,地龍之渴望的眼淚,1,1,10000
91158,40013,自我加速藥水,1,1,300000
91158,40393,火龍鱗,1,1,20000
91158,50521,火龍之渴望的眼淚,1,1,10000
91159,40013,自我加速藥水,1,1,300000
91159,40395,水龍鱗,1,1,20000
91159,50522,水龍之渴望的眼淚,1,1,10000
91160,40013,自我加速藥水,1,1,300000
91160,40394,風龍鱗,1,1,20000
91160,50523,風龍之渴望的眼淚,1,1,10000
91161,40013,自我加速藥水,1,1,300000
91161,40396,地龍鱗,1,1,20000
91161,50520,地龍之渴望的眼淚,1,1,10000
91162,40013,自我加速藥水,1,1,300000
91162,40393,火龍鱗,1,1,20000
91162,50521,火龍之渴望的眼淚,1,1,10000
91163,40013,自我加速藥水,1,1,300000
91163,40395,水龍鱗,1,1,20000
91163,50522,水龍之渴望的眼淚,1,1,10000
91164,40013,自我加速藥水,1,1,300000
91164,40394,風龍鱗,1,1,20000
91164,50523,風龍之渴望的眼淚,1,1,10000
91165,40013,自我加速藥水,1,1,300000
91165,40393,火龍鱗,1,1,20000
91165,40394,風龍鱗,1,1,20000
91165,40395,水龍鱗,1,1,20000
91165,40396,地龍鱗,1,1,20000
91165,50520,地龍之渴望的眼淚,1,1,10000
91165,50521,火龍之渴望的眼淚,1,1,10000
91165,50522,水龍之渴望的眼淚,1,1,10000
91165,50523,風龍之渴望的眼淚,1,1,10000
91168,50528,喀瑪王之心,1,1,1000000
91169,50529,喀瑪王之心,1,1,1000000
91170,50530,喀瑪王之心,1,1,1000000
91173,40013,自我加速藥水,1,1,300000
91173,50520,地龍之渴望的眼淚,1,1,10000
91173,50521,火龍之渴望的眼淚,1,1,10000
91173,50522,水龍之渴望的眼淚,1,1,10000
91173,50523,風龍之渴望的眼淚,1,1,10000
91174,40013,自我加速藥水,1,1,300000
91174,50520,地龍之渴望的眼淚,1,1,10000
91174,50521,火龍之渴望的眼淚,1,1,10000
91174,50522,水龍之渴望的眼淚,1,1,10000
91174,50523,風龍之渴望的眼淚,1,1,10000
91178,40466,龍之心,1,1,200
91179,40466,龍之心,1,1,200
91180,40013,自我加速藥水,1,1,300000
91180,50524,侏儒魔菇,1,1,50000
91180,50525,侏儒符咒,1,1,50000
91180,50526,古老水珍珠,1,1,100000
91180,50527,古老白水晶,1,1,100000
91181,40013,自我加速藥水,1,1,300000
91181,50524,侏儒魔菇,1,1,50000
91181,50525,侏儒符咒,1,1,50000
91181,50526,古老水珍珠,1,1,100000
91181,50527,古老白水晶,1,1,100000
91182,40013,自我加速藥水,1,1,300000
91182,50524,侏儒魔菇,1,1,50000
91182,50525,侏儒符咒,1,1,50000
91182,50526,古老水珍珠,1,1,100000
91182,50527,古老白水晶,1,1,100000
91183,40013,自我加速藥水,1,1,300000
91183,50524,侏儒魔菇,1,1,50000
91183,50525,侏儒符咒,1,1,50000
91183,50526,古老水珍珠,1,1,100000
91183,50527,古老白水晶,1,1,100000
91202,20146,地龍鱗盔甲,1,1,300000
91202,40044,鑽石,1,1,300000
91202,40048,品質鑽石,1,1,300000
91202,40052,高品質鑽石,1,1,300000
91202,40207,魔法書(震裂術),1,1,300000
91202,40222,魔法書(究極光裂術),1,1,300000
91202,40249,精靈水晶(大地屏障),1,1,300000
91202,40304,馬普勒之石,1,1,300000
91202,40308,金幣,1305,2054,1000000
91202,40341,安塔瑞斯之鱗,1,1,100000
91202,40342,安塔瑞斯之爪,1,1,100000
91202,40343,安塔瑞斯之眼,1,1,100000
91202,40344,安塔瑞斯之血,1,1,100000
91202,40345,安塔瑞斯之肉,1,1,100000
91202,40346,安塔瑞斯之心,1,1,100000
91202,40347,安塔瑞斯之骨,1,1,100000
91202,40348,安塔瑞斯之牙,1,1,100000
91202,41148,技術書(反擊屏障),1,1,300000
91202,50502,淘氣幼龍蛋,1,1,100000
91202,50503,頑皮幼龍蛋,1,1,100000
91202,50504,受封印 地龍之魔眼,1,1,100000
91202,100057,瑟魯基之劍,1,1,100000
91202,120054,強化屬性斗篷(地),1,1,300000
91202,120300,地靈戒指,1,1,300000
91203,49206,塞維斯邪念碎片,1,1,1000000
91204,49231,路西爾斯邪念碎片,1,1,1000000
91205,49229,異界邪念粉末,1,1,1000000
91206,49204,翼龍之血,1,1,500000
91207,49203,食腐獸之血,1,1,500000
91209,49202,時空裂痕邪念碎片,1,1,1000000
91265,40010,治癒藥水,1,1,300000
91265,40011,強力治癒藥水,1,1,300000
91265,40012,終極治癒藥水,1,1,300000
91265,40018,強化 綠色藥水,1,1,300000
91265,40308,金幣,300,600,1000000
91265,41206,少了刀刃的武器,1,1,100000
91266,40010,治癒藥水,1,1,300000
91266,40011,強力治癒藥水,1,1,300000
91266,40012,終極治癒藥水,1,1,300000
91266,40018,強化 綠色藥水,1,1,300000
91266,40308,金幣,300,600,1000000
91266,41206,少了刀刃的武器,1,1,100000
91267,40010,治癒藥水,1,1,300000
91267,40011,強力治癒藥水,1,1,300000
91267,40012,終極治癒藥水,1,1,300000
91267,40018,強化 綠色藥水,1,1,300000
91267,40308,金幣,300,600,1000000
91267,41206,少了刀刃的武器,1,1,100000
91268,40010,治癒藥水,1,1,300000
91268,40011,強力治癒藥水,1,1,300000
91268,40012,終極治癒藥水,1,1,300000
91268,40018,強化 綠色藥水,1,1,300000
91268,40308,金幣,300,600,1000000
91268,41206,少了刀刃的武器,1,1,100000
91270,40010,治癒藥水,1,1,300000
91270,40011,強力治癒藥水,1,1,300000
91270,40012,終極治癒藥水,1,1,300000
91270,40013,自我加速藥水,1,1,1000000
91270,40308,金幣,300,600,1000000
91270,41206,少了刀刃的武器,1,1,100000
91271,40010,治癒藥水,1,1,300000
91271,40011,強力治癒藥水,1,1,300000
91271,40012,終極治癒藥水,1,1,300000
91271,40013,自我加速藥水,1,1,1000000
91271,40308,金幣,300,600,1000000
91271,41206,少了刀刃的武器,1,1,100000
91272,40010,治癒藥水,1,1,300000
91272,40011,強力治癒藥水,1,1,300000
91272,40012,終極治癒藥水,1,1,300000
91272,40013,自我加速藥水,1,1,1000000
91272,40308,金幣,300,600,1000000
91272,41206,少了刀刃的武器,1,1,100000
91273,40010,治癒藥水,1,1,300000
91273,40011,強力治癒藥水,1,1,300000
91273,40012,終極治癒藥水,1,1,300000
91273,40013,自我加速藥水,1,1,1000000
91273,40308,金幣,300,600,1000000
91273,41206,少了刀刃的武器,1,1,100000
91274,40010,治癒藥水,1,1,300000
91274,40011,強力治癒藥水,1,1,300000
91274,40012,終極治癒藥水,1,1,300000
91274,40013,自我加速藥水,1,1,1000000
91274,40308,金幣,300,600,1000000
91274,41206,少了刀刃的武器,1,1,100000
91275,40010,治癒藥水,1,1,300000
91275,40011,強力治癒藥水,1,1,300000
91275,40012,終極治癒藥水,1,1,300000
91275,40013,自我加速藥水,1,1,1000000
91275,40308,金幣,300,600,1000000
91275,41206,少了刀刃的武器,1,1,100000
91276,40010,治癒藥水,1,1,300000
91276,40011,強力治癒藥水,1,1,300000
91276,40012,終極治癒藥水,1,1,300000
91276,40013,自我加速藥水,1,1,1000000
91276,40308,金幣,300,600,1000000
91276,41206,少了刀刃的武器,1,1,100000
91277,40010,治癒藥水,1,1,300000
91277,40011,強力治癒藥水,1,1,300000
91277,40012,終極治癒藥水,1,1,300000
91277,40013,自我加速藥水,1,1,1000000
91277,40308,金幣,300,600,1000000
91277,41206,少了刀刃的武器,1,1,100000
91278,40010,治癒藥水,1,1,300000
91278,40011,強力治癒藥水,1,1,300000
91278,40012,終極治癒藥水,1,1,300000
91278,40013,自我加速藥水,1,1,1000000
91278,40308,金幣,300,600,1000000
91278,41206,少了刀刃的武器,1,1,100000
91279,40010,治癒藥水,1,1,300000
91279,40011,強力治癒藥水,1,1,300000
91279,40012,終極治癒藥水,1,1,300000
91279,40013,自我加速藥水,1,1,1000000
91279,40308,金幣,300,600,1000000
91279,41206,少了刀刃的武器,1,1,100000
91280,40010,治癒藥水,1,1,300000
91280,40011,強力治癒藥水,1,1,300000
91280,40012,終極治癒藥水,1,1,300000
91280,40013,自我加速藥水,1,1,1000000
91280,40308,金幣,300,600,1000000
91280,41206,少了刀刃的武器,1,1,100000
91281,40010,治癒藥水,1,1,300000
91281,40011,強力治癒藥水,1,1,300000
91281,40012,終極治癒藥水,1,1,300000
91281,40013,自我加速藥水,1,1,1000000
91281,40017,翡翠藥水,1,1,500000
91281,40308,金幣,300,600,1000000
91281,41206,少了刀刃的武器,1,1,100000
91282,40010,治癒藥水,1,1,300000
91282,40011,強力治癒藥水,1,1,300000
91282,40012,終極治癒藥水,1,1,300000
91282,40013,自我加速藥水,1,1,1000000
91282,40308,金幣,300,600,1000000
91282,41206,少了刀刃的武器,1,1,100000
91283,40010,治癒藥水,1,1,300000
91283,40011,強力治癒藥水,1,1,300000
91283,40012,終極治癒藥水,1,1,300000
91283,40013,自我加速藥水,1,1,1000000
91283,40308,金幣,300,600,1000000
91283,41206,少了刀刃的武器,1,1,100000
91284,40010,治癒藥水,1,1,300000
91284,40011,強力治癒藥水,1,1,300000
91284,40012,終極治癒藥水,1,1,300000
91284,40013,自我加速藥水,1,1,1000000
91284,40308,金幣,300,600,1000000
91284,41206,少了刀刃的武器,1,1,100000
91285,40010,治癒藥水,1,1,300000
91285,40011,強力治癒藥水,1,1,300000
91285,40012,終極治癒藥水,1,1,300000
91285,40013,自我加速藥水,1,1,1000000
91285,40308,金幣,300,600,1000000
91285,41206,少了刀刃的武器,1,1,100000
91286,40010,治癒藥水,1,1,300000
91286,40011,強力治癒藥水,1,1,300000
91286,40012,終極治癒藥水,1,1,300000
91286,40013,自我加速藥水,1,1,1000000
91286,40308,金幣,300,600,1000000
91286,41206,少了刀刃的武器,1,1,100000
91287,40010,治癒藥水,1,1,300000
91287,40011,強力治癒藥水,1,1,300000
91287,40012,終極治癒藥水,1,1,300000
91287,40013,自我加速藥水,1,1,1000000
91287,40308,金幣,300,600,1000000
91287,41206,少了刀刃的武器,1,1,100000
91288,40010,治癒藥水,1,1,300000
91288,40011,強力治癒藥水,1,1,300000
91288,40012,終極治癒藥水,1,1,300000
91288,40013,自我加速藥水,1,1,1000000
91288,40308,金幣,300,600,1000000
91288,41206,少了刀刃的武器,1,1,100000
91289,40010,治癒藥水,1,1,300000
91289,40011,強力治癒藥水,1,1,300000
91289,40012,終極治癒藥水,1,1,300000
91289,40013,自我加速藥水,1,1,1000000
91289,40308,金幣,300,600,1000000
91289,41206,少了刀刃的武器,1,1,100000
91290,40010,治癒藥水,1,1,300000
91290,40011,強力治癒藥水,1,1,300000
91290,40012,終極治癒藥水,1,1,300000
91290,40018,強化 綠色藥水,1,1,300000
91290,40308,金幣,300,600,1000000
91290,41173,騎士耳環,1,1,100000
91290,41206,少了刀刃的武器,1,1,100000
91290,50018,黑暗哈汀的日記本,1,1,100000
91291,41,武士刀,1,1,30000
91291,52,雙手劍,1,1,30000
91291,58,死亡騎士的烈炎之劍,1,1,100
91291,76,倫得雙刀,1,1,100
91291,20010,死亡騎士頭盔,1,1,100
91291,20077,隱身斗篷,1,1,100
91291,20100,死亡騎士盔甲,1,1,300
91291,20110,抗魔法鏈甲,1,1,30000
91291,20154,金屬盔甲,1,1,100000
91291,20182,手套,1,1,100000
91291,20284,召喚控制戒指,1,1,5000
91291,20302,風靈戒指,1,1,10000
91291,40013,自我加速藥水,1,1,300000
91291,40014,勇敢藥水,1,1,300000
91291,40015,藍色藥水,1,1,300000
91291,40016,慎重藥水,1,1,300000
91291,40018,強化 綠色藥水,1,1,300000
91291,40044,鑽石,1,1,300000
91291,40048,品質鑽石,1,1,300000
91291,40052,高品質鑽石,1,1,100000
91291,40074,對盔甲施法的卷軸,1,1,300000
91291,40087,對武器施法的卷軸,1,1,300000
91291,40093,空的魔法卷軸(等級4),1,1,300000
91291,40094,空的魔法卷軸(等級5),1,1,300000
91291,40166,技術書(尖刺盔甲),1,1,5000
91291,40308,金幣,15000,30000,1000000
91291,100052,雙手劍,1,1,100000
91291,200052,雙手劍,1,1,30000
91292,40010,治癒藥水,1,1,300000
91292,40011,強力治癒藥水,1,1,300000
91292,40012,終極治癒藥水,1,1,300000
91292,40013,自我加速藥水,1,1,1000000
91292,40308,金幣,300,600,1000000
91292,41206,少了刀刃的武器,1,1,100000
91293,41,武士刀,1,1,30000
91293,20077,隱身斗篷,1,1,100
91293,20110,抗魔法鏈甲,1,1,30000
91293,20154,金屬盔甲,1,1,100000
91293,20281,變形控制戒指,1,1,3000
91293,20304,火靈戒指,1,1,10000
91293,40013,自我加速藥水,1,1,300000
91293,40014,勇敢藥水,1,1,300000
91293,40015,藍色藥水,1,1,300000
91293,40016,慎重藥水,1,1,300000
91293,40018,強化 綠色藥水,1,1,300000
91293,40053,高品質紅寶石,1,1,100000
91293,40074,對盔甲施法的卷軸,1,1,300000
91293,40087,對武器施法的卷軸,1,1,300000
91293,40089,復活卷軸,1,1,300000
91293,40093,空的魔法卷軸(等級4),1,1,300000
91293,40203,魔法書(火牢),1,1,50000
91293,40219,魔法書(流星雨),1,1,1000
91293,40257,精靈水晶(烈炎氣息),1,1,50000
91293,40305,帕格里奧之石,1,1,5000
91293,40308,金幣,20000,40000,1000000
91293,100041,武士刀,1,1,300000
91293,120154,金屬盔甲,1,1,100000
91293,140074,對盔甲施法的卷軸,1,1,100000
91293,140087,對武器施法的卷軸,1,1,100000
91294,40017,翡翠藥水,1,1,300000
91294,41206,少了刀刃的武器,1,1,700000
91294,50018,黑暗哈汀的日記本,1,1,100000
91295,50020,小賽尼斯變身卷,1,1,1000000
91296,50020,小賽尼斯變身卷,1,1,1000000
91300,49165,聖殿2樓鑰匙,1,1,200000
91301,49165,聖殿2樓鑰匙,1,1,1000000
91302,49167,魔之角笛,1,1,1000000
91304,49166,聖殿3樓鑰匙,1,1,1000000
91309,49168,破壞之秘藥,1,1,1000000
91310,49241,祭壇的碎片,1,1,1000000
91337,40012,終極治癒藥水,8,17,1000000
91337,40074,對盔甲施法的卷軸,1,2,1000000
91337,40087,對武器施法的卷軸,1,2,1000000
91420,47,沉默之劍,1,1,1000
91420,40308,金幣,500,1500,1000000
91420,50001,龍之珍珠,1,3,500000
91420,100037,大馬士革刀,1,1,5000
91420,100041,武士刀,1,1,5000
91420,100042,細劍,1,1,5000
91420,100052,雙手劍,1,1,5000
91420,100057,瑟魯基之劍,1,1,5000
91420,140087,對武器施法的卷軸,1,1,10000
91420,140100,瞬間移動卷軸,1,3,500000
91511,50550,海的秘密,1,1,1000000
91512,50551,海的秘密,1,1,1000000
91513,50552,海的秘密,1,1,1000000
91516,20127,水龍鱗盔甲,1,1,300000
91516,40047,綠寶石,1,1,300000
91516,40051,品質綠寶石,1,1,300000
91516,40055,高品質綠寶石,1,1,300000
91516,40204,魔法書(冰雪暴),1,1,300000
91516,40222,魔法書(究極光裂術),1,1,100000
91516,40255,精靈水晶(生命的祝福),1,1,300000
91516,40306,伊娃之石,1,1,300000
91516,40308,金幣,1305,2054,1000000
91516,40357,法利昂之鱗,1,1,100000
91516,40358,法利昂之爪,1,1,100000
91516,40359,法利昂之眼,1,1,100000
91516,40360,法利昂之血,1,1,100000
91516,40361,法利昂之肉,1,1,100000
91516,40362,法利昂之心,1,1,100000
91516,40363,法利昂之骨,1,1,100000
91516,40364,法利昂之牙,1,1,100000
91516,41148,技術書(反擊屏障),1,1,100000
91516,50502,淘氣幼龍蛋,1,1,100000
91516,50503,頑皮幼龍蛋,1,1,100000
91516,50505,受封印 水龍之魔眼,1,1,100000
91516,100057,瑟魯基之劍,1,1,100000
91516,120059,強化屬性斗篷(水),1,1,300000
91516,120285,水靈戒指,1,1,300000
91605,12,風刃短劍,1,1,20000
91605,20061,風屬性 斗蓬,1,1,100000
91605,20302,風靈戒指,1,1,100000
91605,40046,藍寶石,1,1,100000
91605,40050,品質藍寶石,1,1,100000
91605,40054,高品質藍寶石,1,1,50000
91605,40074,對盔甲施法的卷軸,1,1,100000
91605,40087,對武器施法的卷軸,1,1,100000
91605,40213,魔法書(聖結界),1,1,50000
91605,40260,精靈水晶(風之神射),1,1,50000
91605,40261,精靈水晶(風之疾走),1,1,50000
91605,40278,黑暗精靈水晶(會心一擊),1,1,50000
91605,40308,金幣,1305,2054,1000000
91605,40365,林德拜爾之鱗,1,1,100000
91605,40366,林德拜爾之爪,1,1,100000
91605,40367,林德拜爾之眼,1,1,100000
91605,40368,林德拜爾之血,1,1,100000
91605,40369,林德拜爾之肉,1,1,100000
91605,40370,林德拜爾之心,1,1,100000
91605,40371,林德拜爾之骨,1,1,100000
91605,40372,林德拜爾之牙,1,1,100000
91605,41148,技術書(反擊屏障),1,1,50000
91605,50506,受封印 風龍之魔眼,1,1,100000
91605,120061,強化屬性斗篷(風),1,1,50000
91605,120302,風靈戒指,1,1,50000
91605,140074,對盔甲施法的卷軸,1,1,100000
91605,140087,對武器施法的卷軸,1,1,100000
91608,50635,疾風的羽毛,1,1,1000000
91609,50636,疾風的羽毛,1,1,1000000
91610,50637,疾風的羽毛,1,1,1000000
91625,9,奧里哈魯根短劍,1,1,1000
91625,40014,勇敢藥水,1,1,100000
91625,40044,鑽石,1,1,100000
91625,40045,紅寶石,1,1,100000
91625,40046,藍寶石,1,1,100000
91625,40047,綠寶石,1,1,100000
91625,40074,對盔甲施法的卷軸,1,1,5000
91625,40088,變形卷軸,1,1,300000
91625,40261,精靈水晶(風之疾走),1,1,50000
91625,140100,瞬間移動卷軸,1,1,300000
91626,9,奧里哈魯根短劍,1,1,1000
91626,44,古代黑暗妖精之劍,1,1,5000
91626,20013,敏捷魔法頭盔,1,1,50000
91626,20125,鏈甲,1,1,50000
91626,40016,慎重藥水,1,1,100000
91626,40047,綠寶石,1,1,100000
91626,40051,品質綠寶石,1,1,50000
91626,40055,高品質綠寶石,1,1,30000
91626,40074,對盔甲施法的卷軸,1,1,5000
91626,40088,變形卷軸,1,1,300000
91626,40274,黑暗精靈水晶(敏捷提升),1,1,50000
91626,40304,馬普勒之石,1,1,50000
91626,49106,龍騎士書板(覺醒：安塔瑞斯),1,1,50000
91626,49114,龍騎士書板(驚悚死神),1,1,50000
91626,140100,瞬間移動卷軸,1,1,300000
91627,9,奧里哈魯根短劍,1,1,1000
91627,179,古代妖精弩槍,1,1,5000
91627,20015,力量魔法頭盔,1,1,50000
91627,20149,青銅盔甲,1,1,50000
91627,40016,慎重藥水,1,1,100000
91627,40045,紅寶石,1,1,100000
91627,40049,品質紅寶石,1,1,50000
91627,40053,高品質紅寶石,1,1,30000
91627,40087,對武器施法的卷軸,1,1,5000
91627,40088,變形卷軸,1,1,300000
91627,40257,精靈水晶(烈炎氣息),1,1,50000
91627,40259,精靈水晶(屬性之火),1,1,50000
91627,40304,馬普勒之石,1,1,50000
91627,49116,龍騎士書板(覺醒：巴拉卡斯),1,1,50000
91627,140100,瞬間移動卷軸,1,1,300000
91628,9,奧里哈魯根短劍,1,1,1000
91628,44,古代黑暗妖精之劍,1,1,5000
91628,20014,治癒魔法頭盔,1,1,50000
91628,20115,藤甲,1,1,50000
91628,40046,藍寶石,1,1,100000
91628,40050,品質藍寶石,1,1,50000
91628,40054,高品質藍寶石,1,1,30000
91628,40068,精靈餅乾,1,1,100000
91628,40074,對盔甲施法的卷軸,1,1,5000
91628,40087,對武器施法的卷軸,1,1,5000
91628,40304,馬普勒之石,1,1,50000
91628,49132,記憶水晶(洞察),1,1,50000
91628,49134,記憶水晶(疼痛的歡愉),1,1,50000
91628,140074,對盔甲施法的卷軸,1,1,1000
91628,140087,對武器施法的卷軸,1,1,1000
91628,140100,瞬間移動卷軸,1,1,300000
91629,9,奧里哈魯根短劍,1,1,1000
91629,179,古代妖精弩槍,1,1,5000
91629,20015,力量魔法頭盔,1,1,50000
91629,20101,皮甲,1,1,50000
91629,40044,鑽石,1,1,100000
91629,40048,品質鑽石,1,1,50000
91629,40052,高品質鑽石,1,1,30000
91629,40068,精靈餅乾,1,1,100000
91629,40074,對盔甲施法的卷軸,1,1,5000
91629,40087,對武器施法的卷軸,1,1,5000
91629,40304,馬普勒之石,1,1,50000
91629,49130,記憶水晶(幻覺：鑽石高崙),1,1,50000
91629,140074,對盔甲施法的卷軸,1,1,1000
91629,140087,對武器施法的卷軸,1,1,1000
91629,140100,瞬間移動卷軸,1,1,300000
91630,728,冥想魔杖,1,1,100
91630,20013,敏捷魔法頭盔,1,1,50000
91630,40088,變形卷軸,1,1,300000
91630,40170,魔法書(燃燒的火球),1,1,50000
91630,40179,魔法書(極道落雷),1,1,50000
91630,40197,魔法書(神聖疾走),1,1,1000
91630,40200,魔法書(狂暴術),1,1,50000
91630,40247,精靈水晶(大地防護),1,1,10000
91630,40273,黑暗精靈水晶(毒性抵抗),1,1,10000
91630,49123,記憶水晶(心靈破壞),1,1,10000
91630,50634,哈爾巴斯的執念,1,1,50000
91630,140100,瞬間移動卷軸,1,1,300000
91631,728,冥想魔杖,1,1,100
91631,20015,力量魔法頭盔,1,1,50000
91631,40088,變形卷軸,1,1,300000
91631,40177,魔法書(岩牢),1,1,50000
91631,40184,魔法書(魔力奪取),1,1,50000
91631,40189,魔法書(魔法相消術),1,1,50000
91631,40248,精靈水晶(地面障礙),1,1,10000
91631,40275,黑暗精靈水晶(雙重破壞),1,1,10000
91631,49128,記憶水晶(幻想),1,1,10000
91631,50634,哈爾巴斯的執念,1,1,50000
91631,140100,瞬間移動卷軸,1,1,300000
91632,728,冥想魔杖,1,1,100
91632,40044,鑽石,1,1,100000
91632,40048,品質鑽石,1,1,50000
91632,40052,高品質鑽石,1,1,30000
91632,40074,對盔甲施法的卷軸,1,1,5000
91632,40087,對武器施法的卷軸,1,1,5000
91632,40174,魔法書(緩速術),1,1,50000
91632,40177,魔法書(岩牢),1,1,50000
91632,40180,魔法書(高級治癒術),1,1,50000
91632,40182,魔法書(聖潔之光),1,1,50000
91632,40189,魔法書(魔法相消術),1,1,30000
91632,40190,魔法書(地裂術),1,1,20000
91632,40207,魔法書(震裂術),1,1,20000
91632,40237,精靈水晶(釋放元素),1,1,50000
91632,40249,精靈水晶(大地屏障),1,1,5000
91632,40252,精靈水晶(體能激發),1,1,5000
91632,40255,精靈水晶(生命的祝福),1,1,5000
91632,49112,龍騎士書板(致命身軀),1,1,50000
91632,50634,哈爾巴斯的執念,1,1,50000
91632,140074,對盔甲施法的卷軸,1,1,1000
91632,140087,對武器施法的卷軸,1,1,1000
91634,40178,魔法書(木乃伊的詛咒),1,1,50000
91634,40248,精靈水晶(地面障礙),1,1,50000
91634,49123,記憶水晶(心靈破壞),1,1,50000
91634,50634,哈爾巴斯的執念,1,1,50000
91635,40088,變形卷軸,1,1,300000
91635,40177,魔法書(岩牢),1,1,50000
91635,40246,精靈水晶(鏡反射),1,1,10000
91635,40524,黑色血痕,1,1,50000
91635,49112,龍騎士書板(致命身軀),1,1,50000
91635,50634,哈爾巴斯的執念,1,1,50000
91635,140100,瞬間移動卷軸,1,1,300000
91636,40015,藍色藥水,1,1,100000
91636,40188,魔法書(加速術),1,1,20000
91636,40197,魔法書(神聖疾走),1,1,1000
91636,40199,魔法書(強力加速術),1,1,10000
91636,40307,沙哈之石,1,1,50000
91636,40491,格利芬羽毛,1,1,10000
91636,49123,記憶水晶(心靈破壞),1,1,10000
91636,140087,對武器施法的卷軸,1,1,1000
91636,140100,瞬間移動卷軸,1,1,300000
91637,29,銀長劍,1,1,10000
91637,20011,抗魔法頭盔,1,1,50000
91637,20167,蜥蜴王手套,1,1,20000
91637,40018,強化 綠色藥水,1,1,100000
91637,40046,藍寶石,1,1,100000
91637,40100,瞬間移動卷軸,1,1,100000
91637,40306,伊娃之石,1,1,50000
91638,21290,石製手套,1,1,10000
91638,40013,自我加速藥水,1,1,100000
91639,40025,黑色藥水,1,1,50000
91639,40057,漂浮之眼肉,1,1,100000
91639,40178,魔法書(木乃伊的詛咒),1,1,10000
91639,40182,魔法書(聖潔之光),1,1,10000
91639,40189,魔法書(魔法相消術),1,1,5000
99001,20013,敏捷魔法頭盔,1,1,10000
99001,40010,治癒藥水,1,1,300000
99001,40013,自我加速藥水,1,1,100000
99001,40044,鑽石,1,1,10000
99001,40247,精靈水晶(大地防護),1,1,10000
99001,40304,馬普勒之石,1,1,10000
99001,40899,鋼鐵原石,1,1,10000
99001,42103,封印的妖怪之魂,1,1,1000000
99002,20013,敏捷魔法頭盔,1,1,10000
99002,40010,治癒藥水,1,1,300000
99002,40013,自我加速藥水,1,1,100000
99002,40044,鑽石,1,1,10000
99002,40247,精靈水晶(大地防護),1,1,10000
99002,40304,馬普勒之石,1,1,10000
99002,40899,鋼鐵原石,1,1,10000
99002,42103,封印的妖怪之魂,1,1,1000000
99003,20013,敏捷魔法頭盔,1,1,10000
99003,40010,治癒藥水,1,1,300000
99003,40013,自我加速藥水,1,1,100000
99003,40046,藍寶石,1,1,10000
99003,40261,精靈水晶(風之疾走),1,1,10000
99003,40307,沙哈之石,1,1,10000
99003,40468,銀原石,1,1,10000
99003,42103,封印的妖怪之魂,1,1,1000000
99004,20013,敏捷魔法頭盔,1,1,10000
99004,40010,治癒藥水,1,1,300000
99004,40013,自我加速藥水,1,1,100000
99004,40046,藍寶石,1,1,10000
99004,40261,精靈水晶(風之疾走),1,1,10000
99004,40307,沙哈之石,1,1,10000
99004,40468,銀原石,1,1,10000
99004,42103,封印的妖怪之魂,1,1,1000000
99005,40010,治癒藥水,1,1,300000
99005,40013,自我加速藥水,1,1,100000
99005,40047,綠寶石,1,1,10000
99005,40254,精靈水晶(生命之泉),1,1,10000
99005,40306,伊娃之石,1,1,10000
99005,40468,銀原石,1,1,10000
99005,41252,珍奇的烏龜,1,1,1000
99005,41297,鮭魚,1,1,50000
99005,41301,發紅光的魚,1,1,10000
99005,41302,發綠光的魚,1,1,10000
99005,41303,發藍光的魚,1,1,10000
99005,41304,發白光的魚,1,1,10000
99005,42103,封印的妖怪之魂,1,1,1000000
99006,42102,牛鬼之毒,1,1,1000000
99007,20015,力量魔法頭盔,1,1,300000
99007,40044,鑽石,1,1,300000
99007,40048,品質鑽石,1,1,300000
99007,40052,高品質鑽石,1,1,300000
99007,40304,馬普勒之石,1,1,300000
99007,40468,銀原石,1,1,300000
99007,40524,黑色血痕,1,1,300000
99007,42103,封印的妖怪之魂,1,1,1000000
99007,140074,對盔甲施法的卷軸,1,1,300000
99007,140087,對武器施法的卷軸,1,1,300000
99007,240074,對盔甲施法的卷軸,1,1,100000
99007,240087,對武器施法的卷軸,1,1,100000
99022,50634,哈爾巴斯的執念,1,1,5000
99022,120056,抗魔法斗篷,1,1,10000
99023,50634,哈爾巴斯的執念,1,1,5000
99023,120056,抗魔法斗篷,1,1,10000
99024,40046,藍寶石,1,1,50000
99024,40050,品質藍寶石,1,1,10000
99024,50634,哈爾巴斯的執念,1,1,5000
99025,40045,紅寶石,1,1,50000
99025,40049,品質紅寶石,1,1,10000
99025,50634,哈爾巴斯的執念,1,1,5000
99026,40074,對盔甲施法的卷軸,1,1,5000
99026,40087,對武器施法的卷軸,1,1,5000
99026,50634,哈爾巴斯的執念,1,1,10000
99026,140074,對盔甲施法的卷軸,1,1,1000
99026,140087,對武器施法的卷軸,1,1,1000
99027,20321,多羅皮帶,1,1,1000
99027,50634,哈爾巴斯的執念,1,1,10000
99028,40199,魔法書(強力加速術),1,1,5000
99028,50634,哈爾巴斯的執念,1,1,10000
99029,40047,綠寶石,1,1,50000
99029,40051,品質綠寶石,1,1,10000
99029,40166,技術書(尖刺盔甲),1,1,1000
99029,50634,哈爾巴斯的執念,1,1,50000
99030,20281,變形控制戒指,1,1,500
99030,50634,哈爾巴斯的執念,1,1,50000
99031,20281,變形控制戒指,1,1,1000
99031,20288,傳送控制戒指,1,1,1000
99031,50634,哈爾巴斯的執念,1,1,50000
99032,40396,地龍鱗,1,1,1000
99032,50634,哈爾巴斯的執念,1,1,50000
99033,41,武士刀,1,1,500000
99033,57,瑟魯基之劍,1,1,100000
99033,20101,皮甲,1,1,500000
99033,40074,對盔甲施法的卷軸,1,1,100000
99033,40087,對武器施法的卷軸,1,1,100000
99033,40396,地龍鱗,1,1,5000
99033,40466,龍之心,1,1,10000
99033,50634,哈爾巴斯的執念,1,1,1000000
99033,140074,對盔甲施法的卷軸,1,1,10000
99033,140087,對武器施法的卷軸,1,1,10000
99033,240074,對盔甲施法的卷軸,1,1,50000
99033,240087,對武器施法的卷軸,1,1,50000
99037,47,沉默之劍,1,1,1000
99037,166,恨之鋼爪,1,1,1000
99037,40074,對盔甲施法的卷軸,1,1,30000
99037,40087,對武器施法的卷軸,1,1,30000
99037,40197,魔法書(神聖疾走),1,1,10000
99037,40308,金幣,1000,3000,1000000
99037,100157,銀光 鋼爪,1,1,1000
99037,140074,對盔甲施法的卷軸,1,1,10000
99037,140087,對武器施法的卷軸,1,1,10000
99037,240074,對盔甲施法的卷軸,1,1,10000
99037,240087,對武器施法的卷軸,1,1,10000
99038,20053,狼皮斗篷,1,1,10000
99038,40015,藍色藥水,1,1,200000
99038,40308,金幣,700,1500,1000000
99038,140100,瞬間移動卷軸,1,1,100000
99039,20250,變形怪首領項鍊,1,1,10000
99039,40014,勇敢藥水,1,1,200000
99039,40308,金幣,650,1400,1000000
99039,140100,瞬間移動卷軸,1,1,100000
99040,40018,強化 綠色藥水,1,1,200000
99040,40079,傳送回家的卷軸,1,1,100000
99040,40441,白金原石,1,3,10000
99040,40468,銀原石,1,3,10000
99040,40489,黃金原石,1,3,10000
99040,140100,瞬間移動卷軸,1,1,100000
99041,40044,鑽石,1,1,100000
99041,40048,品質鑽石,1,1,50000
99041,40308,金幣,750,1600,1000000
99041,40441,白金原石,1,1,5000
99042,40045,紅寶石,1,1,100000
99042,40049,品質紅寶石,1,1,50000
99042,40308,金幣,700,1400,1000000
99042,40468,銀原石,1,1,5000
99043,40046,藍寶石,1,1,100000
99043,40050,品質藍寶石,1,1,50000
99043,40308,金幣,710,1800,1000000
99043,40489,黃金原石,1,1,5000
99044,40047,綠寶石,1,1,100000
99044,40051,品質綠寶石,1,1,50000
99044,40308,金幣,760,1750,1000000
99044,40441,白金原石,1,1,5000
99045,40308,金幣,700,1690,1000000
99045,40444,黑色米索莉原石,1,1,100000
99045,40468,銀原石,1,1,5000
99045,40899,鋼鐵原石,1,1,50000
99046,40126,鑑定卷軸,1,1,50000
99046,40308,金幣,850,1490,1000000
99046,40489,黃金原石,1,1,5000
99046,40496,粗糙的米索莉塊,1,1,100000
99047,106,貝卡合金,1,1,50000
99047,107,深紅長矛,1,1,50000
99047,142,銀斧,1,1,50000
99047,20187,力量手套,1,1,10000
99047,40052,高品質鑽石,1,1,100000
99047,40053,高品質紅寶石,1,1,100000
99047,40054,高品質藍寶石,1,1,100000
99047,40055,高品質綠寶石,1,1,100000
99047,40074,對盔甲施法的卷軸,1,1,30000
99047,40087,對武器施法的卷軸,1,1,30000
99047,40244,精靈水晶(封印禁地),1,1,10000
99047,40308,金幣,1200,3200,1000000
99047,140074,對盔甲施法的卷軸,1,1,50000
99047,140087,對武器施法的卷軸,1,1,50000
99047,240074,對盔甲施法的卷軸,1,1,100000
99047,240087,對武器施法的卷軸,1,1,100000
99048,40308,金幣,700,950,1000000
99048,40318,魔法寶石,1,1,10000
99048,50634,哈爾巴斯的執念,1,1,50000
99049,40308,金幣,200,1200,1000000
99049,40319,精靈玉,1,1,10000
99049,40524,黑色血痕,1,1,10000
99050,40308,金幣,400,950,1000000
99050,40320,一級黑魔石,1,1,10000
99050,50634,哈爾巴斯的執念,1,1,50000
99051,40308,金幣,380,1050,1000000
99051,40318,魔法寶石,1,1,10000
99051,40524,黑色血痕,1,1,10000
99052,40308,金幣,400,1000,1000000
99052,40319,精靈玉,1,1,10000
99052,40320,一級黑魔石,1,1,10000
99052,50634,哈爾巴斯的執念,1,1,50000
99053,20172,水靈手套,1,1,10000
99053,20177,地靈手套,1,1,10000
99053,20181,火靈手套,1,1,10000
99053,20189,風靈手套,1,1,10000
99053,21018,哈羅耳環,1,1,10000
99053,21019,淨化之耳環,1,1,10000
99053,21034,曼波兔戒指,1,1,10000
99053,40308,金幣,1300,3400,1000000
99054,21097,射擊手耳環,1,1,500
99054,40308,金幣,500,1600,1000000
99055,21098,劍鬥士耳環,1,1,500
99055,40308,金幣,400,1800,1000000
99056,21098,劍鬥士耳環,1,1,500
99056,40308,金幣,400,2100,1000000
99057,21096,命運耳環,1,1,500
99057,40308,金幣,380,2400,1000000
99058,21099,大法師耳環,1,1,500
99058,40308,金幣,400,1800,1000000
99059,21019,淨化之耳環,1,1,10000
99059,21069,新生皮帶(水),1,1,10000
99059,21074,親睦耳環,1,1,10000
99059,21092,新生戒指,1,1,10000
99059,21106,古代鬥士臂甲,1,1,10000
99059,40308,金幣,1500,4600,1000000
99060,40164,技術書(衝擊之暈),1,1,1000
99060,40209,魔法書(魔法封印),1,1,1000
99060,40304,馬普勒之石,1,1,50000
99060,40308,金幣,600,1800,1000000
99060,49114,龍騎士書板(驚悚死神),1,1,1000
99060,49118,記憶水晶(混亂),1,1,1000
99061,40165,技術書(增幅防禦),1,1,100
99061,40210,魔法書(雷霆風暴),1,1,1000
99061,40308,金幣,320,720,1000000
99061,49115,龍騎士書板(寒冰噴吐),1,1,1000
99061,49119,記憶水晶(暴擊),1,1,1000
99062,40166,技術書(尖刺盔甲),1,1,100
99062,40204,魔法書(冰雪暴),1,1,1000
99062,40305,帕格里奧之石,1,1,50000
99062,40308,金幣,200,800,1000000
99062,49117,記憶水晶(鏡像),1,1,1000
99062,49120,記憶水晶(幻覺：歐吉),1,1,1000
99063,40174,魔法書(緩速術),1,1,5000
99063,40180,魔法書(高級治癒術),1,1,5000
99063,40187,魔法書(體魄強健術),1,1,10000
99063,40198,魔法書(龍捲風),1,1,1000
99063,40306,伊娃之石,1,1,50000
99063,40308,金幣,240,900,1000000
99064,40175,魔法書(魔法屏障),1,1,5000
99064,40181,魔法書(迷魅術),1,1,5000
99064,40188,魔法書(加速術),1,1,10000
99064,40199,魔法書(強力加速術),1,1,1000
99064,40307,沙哈之石,1,1,50000
99064,40308,金幣,280,980,1000000
99065,47,沉默之劍,1,1,1000
99065,20281,變形控制戒指,1,1,5000
99065,20284,召喚控制戒指,1,1,5000
99065,20288,傳送控制戒指,1,1,5000
99065,40074,對盔甲施法的卷軸,1,1,100000
99065,40087,對武器施法的卷軸,1,1,100000
99065,40203,魔法書(火牢),1,1,5000
99065,40208,魔法書(治癒能量風暴),1,1,10000
99065,40213,魔法書(聖結界),1,1,1000
99065,40215,魔法書(火風暴),1,1,50000
99065,40240,精靈水晶(三重矢),1,1,10000
99065,40249,精靈水晶(大地屏障),1,1,5000
99065,40255,精靈水晶(生命的祝福),1,1,5000
99065,40261,精靈水晶(風之疾走),1,1,10000
99065,40274,黑暗精靈水晶(敏捷提升),1,1,5000
99065,40278,黑暗精靈水晶(會心一擊),1,1,50000
99065,40308,金幣,1800,5200,1000000
99065,41147,技術書(堅固防護),1,1,10000
99065,45023,魔法書(神聖犧牲),1,1,10000
99065,49113,龍騎士書板(奪命之雷),1,1,5000
99065,49123,記憶水晶(心靈破壞),1,1,50000
99065,49127,記憶水晶(耐力),1,1,10000
99065,140074,對盔甲施法的卷軸,1,1,50000
99065,140087,對武器施法的卷軸,1,1,50000
99065,240074,對盔甲施法的卷軸,1,1,70000
99065,240087,對武器施法的卷軸,1,1,70000
99066,20382,紅色面具,1,1,5000
99066,20419,高等熊項鍊,1,1,10000
99066,20420,招財貓領巾,1,1,10000
99066,20458,紅色妖魔面具,1,1,10000
99066,20459,紅色妖魔耳環,1,1,10000
99066,40308,金幣,5,9800,1000000
99066,41082,妖魔尖牙項練,1,1,10000
99067,40308,金幣,1,10,1000000
99067,100008,米索莉短劍,1,1,10000
99067,100009,奧里哈魯根短劍,1,1,10
99067,100025,銀劍,1,1,1000
99067,100027,彎刀,1,1,1000
99067,100028,精靈短劍,1,1,1000
99067,100029,銀長劍,1,1,500
99067,100037,大馬士革刀,1,1,500
99067,100041,武士刀,1,1,500
99067,100042,細劍,1,1,250
99067,100049,武官之刃,1,1,200
99067,100052,雙手劍,1,1,1000
99067,100057,瑟魯基之劍,1,1,100
99067,100062,武官雙手劍,1,1,10
99067,100064,巨劍,1,1,50
99067,100074,銀光 雙刀,1,1,10
99067,100084,暗黑雙刀,1,1,10
99067,100095,槍,1,1,500
99067,100098,闊矛,1,1,500
99067,100099,精靈之矛,1,1,500
99067,100102,露西錘,1,1,500
99067,100103,戟,1,1,500
99067,100107,深紅長矛,1,1,500
99067,100114,威嚴權杖,1,1,100
99067,100132,神官魔杖,1,1,500
99067,100143,戰斧,1,1,500
99067,100146,流星錘,1,1,500
99067,100151,惡魔斧頭,1,1,50
99067,100157,銀光 鋼爪,1,1,10
99067,100164,暗黑鋼爪,1,1,10
99067,100169,獵人之弓,1,1,100
99067,100170,精靈弓,1,1,100
99067,100172,弓,1,1,500
99067,100180,十字弓,1,1,300
99067,100181,尤米弓,1,1,20
99067,100189,暗黑十字弓,1,1,10
99067,100204,深紅之弩,1,1,10
99067,100207,煉獄鋼爪,1,1,10
99067,100212,海神三叉戟,1,1,10
99068,40308,金幣,280,980,1000000
99070,41,武士刀,1,1,10000
99070,40308,金幣,500,1800,1000000
99070,49117,記憶水晶(鏡像),1,1,10000
99070,49118,記憶水晶(混亂),1,1,10000
99070,49119,記憶水晶(暴擊),1,1,10000
99070,49120,記憶水晶(幻覺：歐吉),1,1,10000
99070,49121,記憶水晶(立方：燃燒),1,1,10000
99070,49122,記憶水晶(專注),1,1,10000
99070,49123,記憶水晶(心靈破壞),1,1,10000
99070,49124,記憶水晶(骷髏毀壞),1,1,10000
99070,49125,記憶水晶(幻覺：巫妖),1,1,5000
99070,49126,記憶水晶(立方：地裂),1,1,5000
99070,49127,記憶水晶(耐力),1,1,5000
99070,49128,記憶水晶(幻想),1,1,5000
99070,49129,記憶水晶(武器破壞者),1,1,5000
99070,100041,武士刀,1,1,1000
99070,200041,武士刀,1,1,20000
99071,15,失去魔力的克特之劍,1,1,750
99071,20041,克特頭盔,1,1,1000
99071,20150,克特盔甲,1,1,2000
99071,20184,克特手套,1,1,1000
99071,20195,影子長靴,1,1,10000
99071,20214,克特長靴,1,1,2500
99071,40074,對盔甲施法的卷軸,1,1,100000
99071,40087,對武器施法的卷軸,1,1,100000
99071,40308,金幣,1800,6800,1000000
99071,45023,魔法書(神聖犧牲),1,1,5000
99071,45024,魔法書(幻象),1,1,1000
99071,49130,記憶水晶(幻覺：鑽石高崙),1,1,10000
99071,49131,記憶水晶(立方：衝擊),1,1,10000
99071,49132,記憶水晶(洞察),1,1,10000
99071,49133,記憶水晶(恐慌),1,1,10000
99071,49134,記憶水晶(疼痛的歡愉),1,1,10000
99071,49135,記憶水晶(幻覺：化身),1,1,10000
99071,49136,記憶水晶(立方：和諧),1,1,10000
99071,140074,對盔甲施法的卷軸,1,1,50000
99071,140087,對武器施法的卷軸,1,1,50000
99071,240074,對盔甲施法的卷軸,1,1,70000
99071,240087,對武器施法的卷軸,1,1,70000
99072,304,隱藏的魔族之劍,1,1,5000
99072,305,隱藏的魔族弓箭,1,1,5000
99072,306,隱藏的魔族魔杖,1,1,5000
99072,307,隱藏的魔族鋼爪,1,1,5000
99072,308,隱藏的魔族鎖鏈劍,1,1,5000
99072,309,隱藏的魔族奇古獸,1,1,5000
99072,20074,銀光斗蓬,1,1,5000
99072,40018,強化 綠色藥水,1,1,1000000
99072,40074,對盔甲施法的卷軸,1,1,100000
99072,40087,對武器施法的卷軸,1,1,100000
99072,40308,金幣,600,5000,1000000
99072,140074,對盔甲施法的卷軸,1,1,50000
99072,140087,對武器施法的卷軸,1,1,50000
99072,240074,對盔甲施法的卷軸,1,1,70000
99072,240087,對武器施法的卷軸,1,1,70000
99073,40018,強化 綠色藥水,1,1,20000
99073,40074,對盔甲施法的卷軸,1,1,1000
99073,40088,變形卷軸,1,1,100000
99073,40308,金幣,450,1200,1000000
99073,50634,哈爾巴斯的執念,1,1,300000
99073,120056,抗魔法斗篷,1,1,10000
99074,40018,強化 綠色藥水,1,1,50000
99074,40087,對武器施法的卷軸,1,1,1000
99074,40088,變形卷軸,1,1,100000
99074,40308,金幣,300,1300,1000000
99074,50634,哈爾巴斯的執念,1,1,300000
99074,120056,抗魔法斗篷,1,1,10000
99075,40018,強化 綠色藥水,1,1,50000
99075,40087,對武器施法的卷軸,1,1,1000
99075,40088,變形卷軸,1,1,100000
99075,40308,金幣,400,1250,1000000
99075,50634,哈爾巴斯的執念,1,1,300000
99075,120056,抗魔法斗篷,1,1,10000
99076,707,破壞的長弓,1,1,500
99076,40018,強化 綠色藥水,1,1,50000
99076,40087,對武器施法的卷軸,1,1,1000
99076,40088,變形卷軸,1,1,100000
99076,40308,金幣,500,1500,1000000
99076,50634,哈爾巴斯的執念,1,1,300000
99076,120056,抗魔法斗篷,1,1,10000
99077,40018,強化 綠色藥水,1,1,50000
99077,40074,對盔甲施法的卷軸,1,1,1000
99077,40088,變形卷軸,1,1,100000
99077,40308,金幣,564,1700,1000000
99077,50634,哈爾巴斯的執念,1,1,300000
99077,120056,抗魔法斗篷,1,1,10000
99077,140074,對盔甲施法的卷軸,1,1,1000
99078,40018,強化 綠色藥水,1,1,50000
99078,40074,對盔甲施法的卷軸,1,1,1000
99078,40088,變形卷軸,1,1,100000
99078,40308,金幣,851,1800,1000000
99078,50634,哈爾巴斯的執念,1,1,300000
99078,120056,抗魔法斗篷,1,1,10000
99078,140087,對武器施法的卷軸,1,1,1000
99079,304,隱藏的魔族之劍,1,1,2500
99079,305,隱藏的魔族弓箭,1,1,2500
99079,306,隱藏的魔族魔杖,1,1,2500
99079,307,隱藏的魔族鋼爪,1,1,2500
99079,308,隱藏的魔族鎖鏈劍,1,1,2500
99079,309,隱藏的魔族奇古獸,1,1,2500
99079,40018,強化 綠色藥水,1,1,1000000
99079,40074,對盔甲施法的卷軸,1,1,100000
99079,40087,對武器施法的卷軸,1,1,100000
99079,40308,金幣,300,3500,1000000
99079,140074,對盔甲施法的卷軸,1,1,50000
99079,140087,對武器施法的卷軸,1,1,50000
99079,240074,對盔甲施法的卷軸,1,1,70000
99079,240087,對武器施法的卷軸,1,1,70000
99080,109,失去魔力的巴風特魔杖,1,1,1000
99080,304,隱藏的魔族之劍,1,1,5000
99080,305,隱藏的魔族弓箭,1,1,5000
99080,306,隱藏的魔族魔杖,1,1,5000
99080,307,隱藏的魔族鋼爪,1,1,5000
99080,308,隱藏的魔族鎖鏈劍,1,1,5000
99080,309,隱藏的魔族奇古獸,1,1,5000
99080,20117,巴風特盔甲,1,1,1000
99080,40018,強化 綠色藥水,1,1,1000000
99080,40074,對盔甲施法的卷軸,1,1,100000
99080,40087,對武器施法的卷軸,1,1,100000
99080,40308,金幣,300,9500,1000000
99080,140074,對盔甲施法的卷軸,1,1,50000
99080,140087,對武器施法的卷軸,1,1,50000
99080,240074,對盔甲施法的卷軸,1,1,70000
99080,240087,對武器施法的卷軸,1,1,70000
99081,40308,金幣,100,500,1000000
99081,40590,楊果里恩之爪,1,1,1000000
99142,40308,金幣,100,500,1000000
99142,40581,不死族的鑰匙,1,1,100000
99268,40308,金幣,100,500,1000000
99268,40538,食屍鬼的指甲,1,1,100000
99268,40539,食屍鬼的牙齒,1,1,100000
